3 36 129
5 38 531
4 14 675
24 381 564
7 9 524
4 36 373
11 385 684
15 381 529
233 613 669
26 303 389
10 361 633
379 559 628
40 45 603
38 402 705
14 561 630
26 386 535
20 24 79
22 32 361
27 224 592
17 393 637
5 38 517
3 534 617
51 580 643
222 385 611
25 669 696
5 45 388
3 291 642
22 32 379
32 35 596
19 25 284
17 27 32
6 10 679
168 379 666
49 557 704
5 348 625
19 38 559
21 403 633
3 7 576
13 17 573
5 35 526
71 583 622
43 405 594
44 47 300
5 35 572
6 30 711
11 22 26
12 17 327
5 130 376
55 390 393
40 579 603
12 17 337
52 254 665
15 401 404
19 189 635
16 33 52
12 15 257
52 254 651
19 398 642
25 185 644
24 622 685
33 43 52
2 32 373
75 377 632
7 393 561
16 43 72
25 401 404
5 9 20
5 12 45
36 85 642
393 528 607
8 22 664
25 43 625
39 45 683
42 611 644
11 61 371
30 560 701
11 26 378
11 38 598
17 327 660
5 45 670
3 36 375
4 36 519
371 512 559
54 405 720
6 389 671
349 400 682
2 38 399
25 27 55
19 38 151
371 375 526
28 533 566
54 405 594
47 396 676
41 396 695
51 84 518 641
48 327 405
32 35 380
562 634 705
0 39 42
47 134 390
38 53 379
31 401 605
52 390 663
32 35 402
9 15 401
41 47 50
40 46 619