30 280 391 688
16 38 43 394
4 9 34 114
15 27 50 716
3 24 396 610
11 37 205 393
13 289 607 708
15 23 204 599
22 43 394 674
0 18 42 522
4 17 381 390
16 43 381 595
2 26 38 613
3 24 28 599
31 53 388 670
26 32 392 647
3 33 34 129
6 33 48 669
338 396 676 718
30 44 52 615
13 60 512 560
27 282 387 664
11 19 38 45
21 34 39 611
19 378 512 567
9 34 712 716
4 24 42 384
13 53 610 643
0 3 374 530
30 36 526 609
18 53 565 634
18 31 348 638
0 37 38 568
54 400 624 693
8 30 391 609
18 53 144 520
18 209 382 577
9 15 32 602
28 34 396 714
15 52 318 665
11 24 43 595
1 19 190 374
14 31 191 388
19 21 25 78
30 267 560 629
6 267 404 629
1 28 405 660
1 14 29 603
19 25 326 696
42 395 611 691
9 18 399 668
7 8 164 677
30 220 384 687
28 39 377 548
8 29 382 616
10 11 103 537
11 392 613 668
6 39 273 557
28 41 386 580
16 32 43 72
19 24 43 46
32 43 142 402
3 11 25 380
12 14 49 366
7 17 277 681
8 311 397 661
0 384 522 561
41 47 386 643
29 181 517 582
40 374 528 534
7 47 531 623
5 19 379 709
47 312 398 656
22 28 213 587
11 385 514 589
7 146 513 558
9 27 638 716
18 46 592 666
6 18 33 48
23 47 393 667
14 137 389 572
33 47 52 350
14 50 397 686
29 389 395 602
13 17 53 571
4 32 373 587
5 9 23 193
21 54 521 589
31 42 572 638
3 29 539 554
20 55 360 397
26 38 227 649
0 12 19 378
33 390 564 636
32 376 389 619
19 47 330 665 680
55 393 669 711
22 53 167 379
52 83 374 519 640
7 55 172 576
42 389 596 675
11 50 372 589
5 9 302 688
3 21 398 599
26 41 372 379
39 54 563 653
12 17 87 581
53 379 400 571
5 31 46 400
3 31 152 372
4 35 524 625
43 254 593 625
26 27 32 375
0 371 533 557
0 8 59 382
185 372 586 589
3 7 192 674
34 45 55 636
23 24 391 651
1 26 600 655
10 14 561 699
19 531 540 606
9 18 132 560
40 64 387 513 570
29 32 51 395
3 7 31 607
16 49 54 405
14 23 29 650
45 48 117 549
21 39 392 599
50 353 400 685
10 49 400 564
29 182 385 517
16 269 703 712
1 19 25 30
12 30 32 119
10 41 393 669
2 53 591 623
7 21 48 393
4 33 43 516
387 391 535 594
27 36 51 607
4 55 561 699
52 678 690 720
4 373 587 593
5 44 649 666
36 41 373 375
53 324 404 659
23 394 548 601
44 51 391 657
25 326 404 620
2 41 373 645
25 27 397 636
12 28 384 658
30 49 398 707
0 14 521 589
38 50 556 628
13 30 40 52
18 55 404 696
27 32 43 383
3 13 594 693
36 50 397 541
0 4 36 532
39 44 102 392
36 216 577 581
332 393 614 680
13 37 88 536
23 45 603 618
6 10 22 28
12 23 561 658
29 34 143 377
43 55 381 593
30 44 50 661
2 32 41 639
12 39 398 401
3 375 539 599
53 341 391 706
35 137 530 554 621
20 41 386 393
5 18 22 687
47 166 383 515
6 17 45 147
10 30 613 685
29 52 382 399
351 370 402 696 713
36 45 533 566
10 33 34 40
9 36 42 52
38 376 606 621
18 27 36 384
7 48 381 529
32 35 46 575
2 38 372 586
51 53 349 691 717
0 4 8 84
15 256 381 627
19 46 54 594
40 390 396 603
24 387 403 570
3 36 373 518
4 12 26 205
9 52 369 710 714
15 39 42 401
6 39 371 527
36 40 45 548
1 29 45 212
1 24 29 32
25 47 324 659
5 19 388 391
13 24 46 403
25 27 55 641
18 48 55 677
50 55 646 709
24 43 54 189
41 47 379 571 623
16 18 51 711
8 22 391 399