5 32 46 389 693
20 37 186 404 545 586
7 31 274 630 716
13 15 49 636 702
2 23 24 388 552
10 11 15 49 353
22 27 32 43 540
22 95 394 543 585
11 18 24 30 378
3 27 125 375 595
5 19 46 162 675
1 21 76 374 542
9 13 34 560 617
3 43 402 523 526
49 53 404 634 705
22 34 386 648 713
11 15 324 404 674
10 21 273 380 704
26 41 386 587 591
4 35 381 401 630
16 31 35 529 573
24 254 391 665 707
1 14 26 32 389
0 36 512 533 566
22 27 34 404 691
31 34 53 404 634
1 15 24 29 539
14 26 41 589 626
18 30 33 290 401
34 37 38 371 378
4 5 31 394 595
2 26 33 42 554
2 9 385 536 611
14 21 29 228 650
13 24 201 378 652
9 283 321 396 645 668
19 46 384 575 641
4 8 387 391 644
38 62 385 556 613
31 53 341 391 706
12 16 32 389 524
23 38 394 595 601
6 10 30 61 384
2 34 38 248 549
30 31 401 555 628
19 43 46 388 391
4 32 34 197 555
3 23 28 129 597
15 31 50 398 685
2 38 59 382 559
22 26 44 393 689
9 28 54 704 714
16 18 341 697 706
4 33 34 402 696
10 23 390 597 603
12 30 51 384 641
4 24 155 403 603
21 24 37 44 391
11 26 50 393 637
9 371 377 548 556
17 25 185 544 644
17 25 29 185 634
9 11 404 590 716
10 23 44 650 669
15 23 47 659 676
19 21 50 405 646
28 36 45 382 616
0 9 11 532 584
1 26 44 313 655 662
55 160 393 588 646
26 55 328 390 654 660
32 43 291 402 609
8 12 26 262 677
36 50 397 541 631
26 32 41 591 689
11 18 55 336 648
2 37 38 375 598
23 27 395 654 677
20 47 161 515 571
7 18 45 48 55
28 47 52 254 625 665
15 22 99 545 592
10 12 51 393 639
1 30 39 49 371
11 26 55 405 660
16 83 382 543 640
21 37 214 393 544
7 14 35 68 530
14 306 388 623 692
4 24 37 155 375
21 33 34 247 405
3 24 204 547 599
5 34 53 387 535
2 6 34 385 645
24 44 312 656 661 685
26 38 44 50 613
7 11 17 22 681
9 21 39 401 704
25 33 196 390 669
8 20 386 713 719
23 26 44 234 614 656
18 51 399 585 687
18 45 378 636 660
23 35 48 196 380
45 46 337 395 675 682
20 55 225 405 694
8 52 358 690 720
33 49 358 629 720
24 37 54 385 546
30 33 142 402 606
23 26 205 378 547
35 48 199 376 549
11 34 55 385 405
0 8 386 518 593
1 20 29 229 657
13 37 41 528 610
19 54 385 684 695
0 9 36 371 377
13 54 88 521 582 645
16 52 321 651 678
19 280 383 642 676
19 21 46 311 661
15 42 55 590 627
37 53 378 403 634
13 14 397 664 706
0 3 35 68 372
29 162 384 517 583
24 42 176 374 579
15 23 651 656 665
32 49 51 357 402
9 14 23 396 623
0 36 41 541 582
3 23 57 380 525
2 24 42 119 392
13 40 374 387 519
23 35 39 527 553
13 16 17 52 697
24 37 403 587 610
8 12 30 51 357
21 48 385 392 668
17 32 262 381 627
3 29 32 34 249
53 223 281 386 610 643 692
10 22 44 51 399
18 29 53 565 634
45 237 404 602 617 659
15 52 398 581 707
2 16 23 24 28
30 49 50 354 699
8 28 52 396 714
0 4 36 541 558
9 11 22 34 336
14 22 33 516 531
8 51 53 399 705
18 36 51 384 541
49 51 705 713 717
10 11 17 22 361
32 39 54 566 671
36 38 209 565 577 601
2 7 22 34 248
17 25 31 342 697
10 20 29 41 541
9 11 34 536 647
13 25 33 120 597
14 22 51 53 591
28 39 54 566 635
17 22 25 53 634
11 23 26 38 394
6 25 30 33 292
9 49 558 630 714
18 20 26 386 545
36 42 216 398 542 581 608
35 46 389 552 596
41 50 54 589 637
20 34 40 55 274
34 37 40 55 537
39 156 404 602 611
26 27 108 375 596
0 13 98 546 559
28 54 383 394 584
2 48 382 549 681
4 12 26 216 581
10 20 41 51 518
4 29 36 203 603
37 386 391 535 643
13 26 37 54 226
23 45 371 551 618
34 40 403 570 682
14 28 41 50 582
26 30 32 142 375
3 33 35 43 553
3 31 47 404 674
3 51 380 400 706
10 51 377 705 713
17 32 54 187 373
8 16 391 399 697
5 46 301 391 687
2 37 41 385 645
31 38 49 113 555
9 20 47 50 656
24 44 46 570 619
8 16 49 51 123
18 28 36 394 617
23 26 38 613 649
36 40 45 106 534 548
0 5 9 16 21
13 34 37 403 610
44 46 131 376 570 619
14 18 31 46 53
12 25 37 373 527
6 39 51 395 650
13 24 37 387 403
12 30 32 49 51
13 24 54 387 392
7 17 40 52 534
17 45 54 396 695
41 51 53 382 580 639
16 35 38 402 523 606