6 13 15 560 629 698
4 6 25 31 191 664
15 26 50 227 562 631 649
4 24 28 403 647 673
7 21 44 52 663 680
22 24 28 299 392 656
6 22 33 199 402 531
10 14 29 51 255 650
10 33 40 250 384 551
5 9 183 387 584 688
7 9 18 27 574 716
14 49 54 369 402 714 720
6 11 30 371 560 629
1 25 31 375 538 586
4 27 40 46 397 604
16 43 54 373 521 584
6 11 48 54 169 380
11 14 31 50 388 562
16 51 341 355 400 687 697 706
2 34 37 38 405 559
4 17 52 387 584 688
7 11 45 117 549 670
6 19 20 25 373 620
11 24 43 384 522 585
2 7 31 34 140 555
16 31 38 210 391 568 598
4 12 23 308 625 654
4 9 30 114 371 630
6 25 30 39 44 51
3 24 43 91 374 585
0 10 36 377 517 556
3 35 73 380 525 624
13 14 53 127 379 520
11 30 371 378 512 560
22 27 83 374 519 543
6 46 197 376 551 682
19 27 36 45 601 616
6 32 35 39 380 629
23 39 371 377 511 557
7 14 41 393 591 689
33 42 55 374 588 646
32 43 51 373 575 641
6 45 46 384 395 618
6 25 51 395 650 664
0 5 16 38 56 556
22 34 271 403 570 714
0 13 40 374 387 519
12 47 55 401 625 694
23 38 45 230 388 652
11 24 37 43 54 546
0 16 20 79 522 546
12 30 59 144 382 512 559
0 9 36 39 373 383
3 15 26 33 358 402
10 20 50 182 384 517
18 20 28 31 246 683
16 33 48 52 316 399
17 40 205 378 544 561 600
4 37 42 55 222 590 611
17 28 45 390 396 603
13 34 45 53 396 403
9 18 27 42 638 716
6 28 39 553 605 620
15 22 24 53 386 717
6 18 20 28 31 246
36 50 74 173 372 517 541 577 631
0 1 22 38 377 543
8 13 19 20 97 397
8 29 52 53 382 399
16 48 169 385 514 573
15 33 47 404 605 620
49 51 399 402 705 711
0 35 39 93 524 530 563
10 16 21 123 380 650
9 11 34 49 54 712
28 47 52 665 692 707
7 14 41 70 591 623
19 29 36 395 542 583
3 7 11 60 383 617
6 45 46 54 653 673
4 24 28 43 595 673
9 11 14 25 29 181
22 26 27 277 382 689
15 24 29 53 295 643 717
1 35 40 49 371 511 555
7 18 45 55 336 683
33 42 55 374 381 574
6 11 17 48 54 169
4 5 31 35 46 197
37 43 55 91 386 522 593 648
40 45 61 371 512 561 618
2 6 19 25 30 33
12 18 51 53 687 697
36 38 50 517 532 556