1 1 0 0 0 -1 1 0 0 0 0 -1 1 0 0 0 -1 -1 1 1 0 -8 1 1 1 0 0 1 1 0 0 1 0
1 2 3 4 5 6 7 8 9 10 11 12 13 14 15 16 17 18 20 21 22 24 25 26 27 28 29 30 31 32 33 34
1 2 7 13 20 21 23 24 25 26 29 30 33

5 5 -1 5 5 -1 -10 -1 -1 -4 -4 -10 -4 5 5 -4 5 5 3 3 -3 3 -3 -3 3 -3 -3 -3 -6 3 3 3 3
1 2 4 5 10 11 13 14 15 16 17 18 20 21 23 26 30 31 32 33 34
1 2 3 4 5 6 10 11 12 14 15 17 18 20 21 22 31 32
1 2 4 5 7 8 9 13 14 15 16 17 18 23 26 29 33 34
1 2 3 4 5 6 8 9 14 15 17 18 20 21 22 23 24 25 26 27 28 29 31 32 33 34

5 5 5 5 5 5 -5 -5 -5 5 5 5 -5 -5 -5 -5 -5 -5 -18 -18 -18 7 7 7 7 7 7 -3 7 7 7 -3 -3
1 2 3 4 5 6 10 11 12 20 21 22 23 24 25 26 27 28 30 31 32
1 2 3 4 5 6 7 8 9 10 11 12 13 14 15 16 17 18 23 24 25 26 27 28 29 30 31 32 33 34

17 17 -4 17 17 -4 4 -17 -17 17 17 -4 4 -17 -17 4 -17 -17 -15 -15 -36 -28 21 21 -28 21 21 8 -28 21 21 8 8
1 2 4 5 7 10 11 13 16 20 21 23 24 25 26 27 28 29 30 31 32 33 34
1 2 3 4 5 6 10 11 12 20 21 22 24 25 27 28 31 32
1 2 3 4 5 6 7 8 9 10 11 12 13 14 15 16 17 18 24 25 27 28 29 31 32 33 34

19 19 19 19 19 19 -47 -47 -47 -23 -23 -23 16 16 16 16 16 16 -18 -18 -18 21 21 21 21 21 21 -45 -21 -21 -21 18 18
1 2 3 4 5 6 10 11 12 13 14 15 16 17 18 20 21 22 23 24 25 26 27 28 30 31 32 33 34
1 2 3 4 5 6 7 8 9 13 14 15 16 17 18 23 24 25 26 27 28 29 33 34

41 41 -22 41 41 -22 -118 29 29 41 41 -22 -118 29 29 -118 29 29 -9 -9 -72 42 -21 -21 42 -21 -21 30 42 -21 -21 30 30
1 2 3 4 5 6 8 9 10 11 12 14 15 17 18 20 21 22 23 24 25 26 27 28 29 30 31 32 33 34
1 2 4 5 7 8 9 10 11 13 14 15 16 17 18 23 26 29 30 33 34

59 59 17 59 59 17 -52 -94 -94 -46 -46 -88 53 11 11 53 11 11 6 6 -36 -105 63 63 -105 63 63 -48 0 -42 -42 57 57
1 2 3 4 5 6 10 11 12 13 14 15 16 17 18 20 21 22 24 25 27 28 30 31 32 33 34
1 2 4 5 7 13 16 20 21 23 24 25 26 27 28 29 30 33 34
1 2 3 4 5 6 7 8 9 13 14 15 16 17 18 24 25 27 28 29 33 34

0 0 0 0 0 0 0 0 0 0 0 0 0 0 0 0 0 0 -21 -21 -21 14 14 14 14 14 14 -21 14 14 14 -21 -21
1 2 3 4 5 6 10 11 12 20 21 22 23 24 25 26 27 28 30 31 32
1 2 3 4 5 6 7 8 9 10 11 12 13 14 15 16 17 18 23 24 25 26 27 28 30 31 32
7 8 9 13 14 15 16 17 18 23 24 25 26 27 28 29 30 31 32 33 34

1 0 0 1 0 0 1 1 0 0 -1 -1 0 0 -1 0 0 -1 2 1 1 2 -8 1 -8 2 1 2 1 1 0 1 1
1 2 3 4 5 6 7 8 9 10 11 12 13 14 15 16 17 18 20 21 22 23 25 27 28 29 30 31 32 33 34
1 3 8 14 20 22 23 24 25 27 29 31 33
4 5 7 16 20 21 23 26 27 28 29 30 34

5 5 -2 5 5 -2 -10 -2 -2 -3 -3 -10 -3 5 5 -3 5 5 4 4 -3 4 -3 -3 4 -3 -3 -3 -14 4 4 4 4
1 2 4 5 10 11 13 14 15 16 17 18 20 21 23 26 31 32 33 34
1 2 3 4 5 6 10 11 12 14 15 17 18 20 21 22 31 32
1 2 3 4 5 6 8 9 14 15 17 18 20 21 22 23 24 25 26 27 28 29 31 32 33 34
1 2 4 5 7 8 9 13 14 15 16 17 18 23 26 29 33 34
10 11 13 16 20 21 23 26 30 31 32 33 34

6 5 0 5 4 -1 -10 0 -1 -4 -5 -10 -4 6 5 -5 5 4 4 3 -2 4 -11 -2 3 -2 -3 -2 -6 4 3 4 3
1 2 4 5 10 11 13 14 15 16 17 18 20 21 23 26 30 31 32 33 34
1 2 3 4 5 6 10 11 12 14 15 17 18 20 21 22 31 32
1 2 3 4 5 6 8 9 14 15 17 18 20 21 22 23 25 26 27 28 29 31 32 33 34
1 2 4 5 7 8 9 13 14 15 16 17 18 23 26 29 33 34
1 3 8 14 20 22 23 24 25 27 29 31 33

18 18 -4 17 17 -5 5 -17 -17 17 17 -5 5 -17 -17 4 -18 -18 -14 -14 -36 -36 22 22 -27 21 21 9 -27 21 21 9 8
1 2 4 5 7 10 11 13 16 20 21 24 25 26 27 28 29 30 31 32 33 34
1 2 3 4 5 6 10 11 12 20 21 22 24 25 27 28 31 32
1 2 3 4 5 6 7 8 9 10 11 12 13 14 15 16 17 18 24 25 27 28 29 31 32 33 34
1 2 7 13 20 21 23 24 25 26 29 30 33

19 19 18 19 19 18 -47 -48 -48 -22 -22 -23 17 16 16 17 16 16 -17 -17 -18 22 21 21 22 21 21 -45 -29 -20 -20 19 19
1 2 3 4 5 6 10 11 12 13 14 15 16 17 18 20 21 22 23 24 25 26 27 28 31 32 33 34
1 2 3 4 5 6 7 8 9 13 14 15 16 17 18 23 24 25 26 27 28 29 33 34
10 11 13 16 20 21 23 26 30 31 32 33 34

21 21 -42 21 21 -42 -28 14 14 21 21 -42 -28 14 14 -28 14 14 0 0 -63 -14 28 28 -14 28 28 -21 -14 28 28 -21 -21
1 2 3 4 5 6 10 11 12 20 21 22 24 25 27 28 31 32
1 2 4 5 10 11 20 21 23 24 25 26 27 28 30 31 32
1 2 4 5 7 8 9 10 11 13 14 15 16 17 18 23 24 25 26 27 28 29 30 31 32 33 34
1 2 3 4 5 6 8 9 10 11 12 14 15 17 18 24 25 27 28 31 32

22 22 1 22 22 1 -1 -22 -22 22 22 1 -1 -22 -22 -1 -22 -22 -33 -33 -54 -21 28 28 -21 28 28 5 -21 28 28 5 5
1 2 3 4 5 6 10 11 12 20 21 22 24 25 27 28 31 32
1 2 4 5 10 11 20 21 23 24 25 26 27 28 30 31 32
1 2 4 5 7 10 11 13 16 23 24 25 26 27 28 29 30 31 32 33 34
1 2 3 4 5 6 7 8 9 10 11 12 13 14 15 16 17 18 24 25 27 28 29 31 32 33 34

24 24 18 24 24 18 -57 -48 -48 -27 -27 -33 12 21 21 12 21 21 -15 -15 -21 24 18 18 24 18 18 -48 -27 -18 -18 21 21
1 2 4 5 10 11 13 14 15 16 17 18 20 21 23 26 30 31 32 33 34
1 2 3 4 5 6 10 11 12 14 15 17 18 20 21 22 31 32
1 2 3 4 5 6 8 9 14 15 17 18 23 24 25 26 27 28 29 33 34
1 2 3 4 5 6 14 15 17 18 20 21 22 23 24 25 26 27 28 31 32 33 34
1 2 4 5 7 8 9 13 14 15 16 17 18 23 26 29 33 34

24 24 24 24 24 24 -52 -52 -52 -18 -18 -18 11 11 11 11 11 11 -36 -36 -36 28 28 28 28 28 28 -48 -14 -14 -14 15 15
1 2 3 4 5 6 10 11 12 20 21 22 23 24 25 26 27 28 30 31 32
1 2 3 4 5 6 10 11 12 13 14 15 16 17 18 23 24 25 26 27 28 30 31 32 33 34
1 2 3 4 5 6 7 8 9 13 14 15 16 17 18 23 24 25 26 27 28 29 33 34

33 33 -51 33 33 -51 -19 2 2 33 33 -51 -19 2 2 -19 2 2 3 3 -81 -49 42 42 -49 42 42 -10 -49 42 42 -10 -10
1 2 4 5 7 10 11 13 16 20 21 23 24 25 26 27 28 29 30 31 32 33 34
1 2 3 4 5 6 10 11 12 20 21 22 24 25 27 28 31 32
1 2 3 4 5 6 8 9 10 11 12 14 15 17 18 24 25 27 28 31 32
1 2 4 5 7 8 9 10 11 13 14 15 16 17 18 24 25 27 28 29 31 32 33 34

35 35 -28 35 35 -28 -70 -28 -28 -7 -7 -70 -7 35 35 -7 35 35 0 0 -63 0 42 42 0 42 42 -63 -42 0 0 0 0
1 2 4 5 10 11 13 14 15 16 17 18 20 21 23 24 25 26 27 28 30 31 32 33 34
1 2 3 4 5 6 10 11 12 14 15 17 18 20 21 22 24 25 27 28 31 32
1 2 3 4 5 6 8 9 14 15 17 18 24 25 27 28
1 2 4 5 7 8 9 13 14 15 16 17 18 23 24 25 26 27 28 29 33 34

36 36 15 36 36 15 -43 -64 -64 -6 -6 -27 20 -1 -1 20 -1 -1 -33 -33 -54 -7 42 42 -7 42 42 -37 -49 0 0 26 26
1 2 4 5 10 11 13 16 20 21 23 24 25 26 27 28 30 31 32 33 34
1 2 3 4 5 6 10 11 12 20 21 22 24 25 27 28 31 32
1 2 3 4 5 6 10 11 12 13 14 15 16 17 18 24 25 27 28 31 32 33 34
1 2 4 5 7 13 16 23 24 25 26 27 28 29 33 34
1 2 3 4 5 6 7 8 9 13 14 15 16 17 18 24 25 27 28 29 33 34

42 41 -21 41 40 -22 -118 30 29 41 40 -22 -118 30 29 -119 29 28 -8 -9 -71 43 -29 -20 42 -20 -21 31 42 -20 -21 31 30
1 2 3 4 5 6 8 9 10 11 12 14 15 17 18 20 21 22 23 25 26 27 28 29 30 31 32 33 34
1 2 4 5 7 8 9 10 11 13 14 15 16 17 18 23 26 29 30 33 34
1 3 8 14 20 22 23 24 25 27 29 31 33

46 46 -23 46 46 -23 -128 28 28 37 37 -32 -122 34 34 -122 34 34 -6 -6 -75 45 -24 -24 45 -24 -24 27 36 -18 -18 33 33
1 2 4 5 10 11 14 15 17 18 20 21 23 26 30 31 32 33 34
1 2 3 4 5 6 10 11 12 14 15 17 18 20 21 22 31 32
1 2 4 5 10 11 13 14 15 16 17 18 23 26 30 33 34
1 2 3 4 5 6 8 9 14 15 17 18 20 21 22 23 24 25 26 27 28 29 31 32 33 34
1 2 4 5 7 8 9 13 14 15 16 17 18 23 26 29 33 34

46 46 -17 46 46 -17 -123 24 24 46 46 -17 -123 24 24 -123 24 24 -27 -27 -90 49 -14 -14 49 -14 -14 27 49 -14 -14 27 27
1 2 3 4 5 6 10 11 12 20 21 22 23 24 25 26 27 28 30 31 32
1 2 3 4 5 6 8 9 10 11 12 14 15 17 18 23 24 25 26 27 28 29 30 31 32 33 34
1 2 4 5 7 8 9 10 11 13 14 15 16 17 18 23 26 29 30 33 34

57 57 -69 57 57 -69 -141 48 48 57 57 -69 -141 48 48 -141 48 48 9 9 -117 21 0 0 21 0 0 12 21 0 0 12 12
1 2 4 5 8 9 10 11 14 15 17 18 20 21 23 24 25 26 27 28 29 30 31 32 33 34
1 2 3 4 5 6 8 9 10 11 12 14 15 17 18 20 21 22 24 25 27 28 31 32
1 2 4 5 7 8 9 10 11 13 14 15 16 17 18 23 26 29 30 33 34

58 37 -5 58 37 -5 -135 33 12 58 37 -5 -135 33 12 -135 33 12 -24 -45 -87 63 -49 0 63 -49 0 38 63 -49 0 38 38
1 2 3 4 5 6 10 11 12 20 21 22 23 25 26 28 30 32
1 3 4 6 8 10 12 14 17 20 22 23 24 25 26 27 28 29 30 31 32 33 34
1 2 4 5 7 8 9 10 11 13 14 15 16 17 18 23 26 29 30 33 34
1 2 3 4 5 6 8 9 10 11 12 14 15 17 18 23 25 26 28 29 30 32 33 34

59 58 17 59 58 17 -53 -94 -95 -45 -46 -87 53 12 11 53 12 11 7 6 -35 -105 64 63 -105 64 63 -48 1 -50 -41 58 58
1 2 3 4 5 6 10 11 12 13 14 15 16 17 18 20 21 22 24 25 27 28 30 32 33 34
1 2 3 4 5 6 7 8 9 13 14 15 16 17 18 24 25 27 28 29 33 34
1 2 4 5 7 13 16 20 21 23 24 25 26 27 28 29 30 33 34
10 12 14 17 20 22 24 27 30 31 32 33 34

60 60 -3 60 60 -3 -165 -18 -18 18 18 -45 -102 45 45 -102 45 45 -27 -27 -90 63 0 0 63 0 0 -15 21 -42 -42 48 48
1 2 3 4 5 6 10 11 12 14 15 17 18 20 21 22 23 24 25 26 27 28 30 31 32 33 34
1 2 4 5 10 11 13 14 15 16 17 18 23 26 30 33 34
1 2 4 5 7 8 9 13 14 15 16 17 18 23 26 29 33 34
1 2 3 4 5 6 8 9 14 15 17 18 23 24 25 26 27 28 29 33 34

60 60 17 59 59 16 -51 -94 -94 -46 -46 -89 54 11 11 53 10 10 7 7 -36 -113 64 64 -104 63 63 -47 1 -42 -42 58 57
1 2 3 4 5 6 10 11 12 13 14 15 16 17 18 20 21 22 24 25 27 28 30 31 32 33 34
1 2 3 4 5 6 7 8 9 13 14 15 16 17 18 24 25 27 28 29 33 34
1 2 4 5 7 13 16 20 21 24 25 26 27 28 29 30 33 34
1 2 7 13 20 21 23 24 25 26 29 30 33

64 58 22 64 58 22 -53 -104 -95 -50 -56 -92 58 7 16 58 7 16 9 3 -33 -108 66 60 -108 66 60 -51 3 -48 -39 60 60
1 2 3 4 5 6 10 11 12 13 15 16 18 20 21 22 30 32
1 3 4 6 10 12 13 14 15 16 17 18 20 22 24 27 30 31 32 33 34
1 2 3 4 5 6 7 9 13 15 16 18 24 25 27 28 29 33 34
1 2 3 4 5 6 13 15 16 18 20 21 22 24 25 27 28 30 32 33 34
1 3 4 6 7 8 9 13 14 15 16 17 18 24 27 29 33 34
1 2 4 5 7 13 16 20 21 23 24 25 26 27 28 29 30 33 34

70 70 -77 70 70 -77 -140 -77 -77 7 7 -140 7 70 70 7 70 70 63 63 -84 -147 126 126 -147 126 126 -84 0 -147 -147 63 63
1 2 4 5 10 11 13 14 15 16 17 18 20 21 24 25 27 28 30 33 34
1 2 3 4 5 6 10 11 12 14 15 17 18 20 21 22 24 25 27 28
1 2 3 4 5 6 8 9 14 15 17 18 24 25 27 28
1 2 4 5 7 8 9 13 14 15 16 17 18 24 25 27 28 29 33 34
1 2 4 5 7 13 16 20 21 23 24 25 26 27 28 29 30 33 34
10 11 12 14 15 17 18 20 21 22 24 25 27 28 30 31 32 33 34

75 75 -30 75 75 -30 -75 -75 -75 -30 -30 -135 30 30 30 30 30 30 24 24 -81 -126 84 84 -126 84 84 -66 -21 -21 -21 39 39
1 2 4 5 10 11 13 14 15 16 17 18 20 21 24 25 27 28 30 31 32 33 34
1 2 3 4 5 6 10 11 12 14 15 17 18 20 21 22 24 25 27 28 31 32
1 2 4 5 7 8 9 13 14 15 16 17 18 24 25 27 28 29 33 34
1 2 4 5 7 13 16 20 21 23 24 25 26 27 28 29 30 33 34
1 2 3 4 5 6 8 9 14 15 17 18 24 25 27 28

76 76 13 76 76 13 -48 -111 -111 -29 -29 -92 57 -6 -6 57 -6 -6 -9 -9 -72 -133 84 84 -133 84 84 -40 -28 -21 -21 65 65
1 2 4 5 10 11 13 16 20 21 24 25 27 28 30 31 32 33 34
1 2 3 4 5 6 10 11 12 20 21 22 24 25 27 28 31 32
1 2 3 4 5 6 10 11 12 13 14 15 16 17 18 24 25 27 28 31 32 33 34
1 2 3 4 5 6 7 8 9 13 14 15 16 17 18 24 25 27 28 29 33 34
1 2 4 5 7 13 16 20 21 23 24 25 26 27 28 29 30 33 34

78 78 36 78 78 36 -99 -141 -141 -69 -69 -111 69 27 27 69 27 27 -12 -12 -54 -84 84 84 -84 84 84 -93 -21 -63 -63 75 75
1 2 3 4 5 6 10 11 12 13 14 15 16 17 18 20 21 22 24 25 27 28 30 31 32 33 34
1 2 4 5 13 16 20 21 23 24 25 26 27 28 30 33 34
1 2 4 5 7 13 16 23 24 25 26 27 28 29 33 34
1 2 3 4 5 6 7 8 9 13 14 15 16 17 18 24 25 27 28 29 33 34

94 94 -74 52 52 -116 -164 88 88 52 52 -116 -164 88 88 -206 46 46 48 48 -120 42 -126 -126 0 42 42 36 0 42 42 36 -6
1 2 4 5 8 9 10 11 14 15 17 18 20 21 23 26 27 28 29 30 31 32 33 34
1 2 3 4 5 6 8 9 10 11 12 14 15 17 18 20 21 22 27 28 31 32
1 2 4 5 7 8 9 10 11 13 14 15 16 17 18 23 26 29 30 33 34
1 2 3 8 9 14 15 20 21 22 23 24 25 27 28 29 31 32 33

100 58 37 100 58 37 -212 -23 -65 -5 -47 -68 -107 82 40 -107 82 40 -3 -45 -66 105 -126 42 105 -126 42 -18 0 -21 -63 87 87
1 2 3 4 5 6 10 11 12 14 15 17 18 20 21 22 23 25 26 28 30 31 32 33 34
1 2 4 5 10 11 13 14 15 16 17 18 23 26 30 33 34
1 3 4 6 8 14 17 20 22 23 24 25 26 27 28 29 31 33 34
1 2 4 5 7 8 9 13 14 15 16 17 18 23 26 29 33 34
1 2 3 4 5 6 8 9 14 15 17 18 23 25 26 28 29 33 34

0 0 0 0 0 0 0 0 0 0 0 0 0 0 0 0 0 0 2 2 2 2 2 -8 2 -8 2 2 -8 2 2 2 2
1 2 3 4 5 6 7 8 9 10 11 12 13 14 15 16 17 18 20 21 22 23 24 26 28 29 31 32 33 34
4 6 8 17 20 22 24 26 27 28 29 31 34
2 3 9 15 21 22 23 24 25 28 29 32 33
10 11 13 16 20 21 23 26 30 31 32 33 34

5 5 0 5 5 0 -10 0 0 -5 -5 -10 -5 5 5 -5 5 5 4 4 -1 4 -1 -11 4 -11 -1 -1 -6 4 4 4 4
1 2 4 5 10 11 13 14 15 16 17 18 20 21 23 26 30 31 32 33 34
1 2 3 4 5 6 10 11 12 14 15 17 18 20 21 22 31 32
1 2 3 4 5 6 8 9 14 15 17 18 20 21 22 23 24 26 28 29 31 32 33 34
1 2 4 5 7 8 9 13 14 15 16 17 18 23 26 29 33 34
4 6 8 17 20 22 24 26 27 28 29 31 34
2 3 9 15 21 22 23 24 25 28 29 32 33

6 5 -1 5 4 -2 -10 -1 -2 -3 -4 -10 -3 6 5 -4 5 4 5 4 -2 5 -11 -2 4 -2 -3 -2 -14 5 4 5 4
1 2 4 5 10 11 13 14 15 16 17 18 20 21 23 26 31 32 33 34
1 2 3 4 5 6 10 11 12 14 15 17 18 20 21 22 31 32
1 2 3 4 5 6 8 9 14 15 17 18 20 21 22 23 25 26 27 28 29 31 32 33 34
1 2 4 5 7 8 9 13 14 15 16 17 18 23 26 29 33 34
1 3 8 14 20 22 23 24 25 27 29 31 33
10 11 13 16 20 21 23 26 30 31 32 33 34

19 19 19 19 19 19 -47 -47 -47 -23 -23 -23 16 16 16 16 16 16 -39 -39 -39 35 35 35 35 35 35 -66 -7 -7 -7 -3 -3
1 2 3 4 5 6 10 11 12 20 21 22 23 24 25 26 27 28 30 31 32
1 2 3 4 5 6 10 11 12 13 14 15 16 17 18 23 24 25 26 27 28 30 31 32
1 2 3 4 5 6 7 8 9 13 14 15 16 17 18 23 24 25 26 27 28
13 14 15 16 17 18 23 24 25 26 27 28 30 31 32 33 34
7 8 9 13 14 15 16 17 18 23 24 25 26 27 28 29 33 34

24 24 17 24 24 17 -57 -49 -49 -26 -26 -33 13 21 21 13 21 21 -14 -14 -21 25 18 18 25 18 18 -48 -35 -17 -17 22 22
1 2 4 5 10 11 13 14 15 16 17 18 20 21 23 26 31 32 33 34
1 2 3 4 5 6 10 11 12 14 15 17 18 20 21 22 31 32
1 2 4 5 7 8 9 13 14 15 16 17 18 23 26 29 33 34
1 2 3 4 5 6 14 15 17 18 20 21 22 23 24 25 26 27 28 31 32 33 34
1 2 3 4 5 6 8 9 14 15 17 18 23 24 25 26 27 28 29 33 34
10 11 13 16 20 21 23 26 30 31 32 33 34

34 34 -51 33 33 -52 -18 2 2 33 33 -52 -18 2 2 -19 1 1 4 4 -81 -57 43 43 -48 42 42 -9 -48 42 42 -9 -10
1 2 4 5 7 10 11 13 16 20 21 24 25 26 27 28 29 30 31 32 33 34
1 2 3 4 5 6 10 11 12 20 21 22 24 25 27 28 31 32
1 2 4 5 7 8 9 10 11 13 14 15 16 17 18 24 25 27 28 29 31 32 33 34
1 2 3 4 5 6 8 9 10 11 12 14 15 17 18 24 25 27 28 31 32
1 2 7 13 20 21 23 24 25 26 29 30 33

35 35 -29 35 35 -29 -70 -29 -29 -6 -6 -70 -6 35 35 -6 35 35 1 1 -63 1 42 42 1 42 42 -63 -50 1 1 1 1
1 2 4 5 10 11 13 14 15 16 17 18 20 21 23 24 25 26 27 28 31 32 33 34
1 2 3 4 5 6 10 11 12 14 15 17 18 20 21 22 24 25 27 28 31 32
1 2 3 4 5 6 8 9 14 15 17 18 24 25 27 28
1 2 4 5 7 8 9 13 14 15 16 17 18 23 24 25 26 27 28 29 33 34
10 11 13 16 20 21 23 26 30 31 32 33 34

36 36 14 36 36 14 -43 -65 -65 -5 -5 -27 21 -1 -1 21 -1 -1 -32 -32 -54 -6 42 42 -6 42 42 -37 -57 1 1 27 27
1 2 4 5 10 11 13 16 20 21 23 24 25 26 27 28 31 32 33 34
1 2 3 4 5 6 10 11 12 20 21 22 24 25 27 28 31 32
1 2 3 4 5 6 10 11 12 13 14 15 16 17 18 24 25 27 28 31 32 33 34
1 2 4 5 7 13 16 23 24 25 26 27 28 29 33 34
1 2 3 4 5 6 7 8 9 13 14 15 16 17 18 24 25 27 28 29 33 34
10 11 13 16 20 21 23 26 30 31 32 33 34

38 38 -46 38 38 -46 -24 -3 -3 38 38 -46 -24 -3 -3 -24 -3 -3 -15 -15 -99 -42 49 49 -42 49 49 -13 -42 49 49 -13 -13
1 2 3 4 5 6 10 11 12 20 21 22 24 25 27 28 31 32
1 2 4 5 10 11 20 21 23 24 25 26 27 28 30 31 32
1 2 3 4 5 6 8 9 10 11 12 14 15 17 18 24 25 27 28 31 32
1 2 4 5 7 8 9 10 11 13 14 15 16 17 18 24 25 27 28 29 31 32 33 34
1 2 4 5 7 10 11 13 16 23 24 25 26 27 28 29 30 31 32 33 34

40 40 -29 40 40 -29 -80 -29 -29 -11 -11 -80 -11 40 40 -11 40 40 3 3 -66 3 39 39 3 39 39 -66 -48 3 3 3 3
1 2 4 5 10 11 13 14 15 16 17 18 20 21 23 26 30 31 32 33 34
1 2 3 4 5 6 10 11 12 14 15 17 18 20 21 22 31 32
1 2 3 4 5 6 8 9 14 15 17 18 24 25 27 28
1 2 4 5 7 8 9 13 14 15 16 17 18 23 26 29 33 34
1 2 3 4 5 6 14 15 17 18 20 21 22 24 25 27 28 31 32
1 2 4 5 14 15 17 18 20 21 23 24 25 26 27 28 31 32 33 34
1 2 4 5 8 9 14 15 17 18 23 24 25 26 27 28 29 33 34

40 40 -23 40 40 -23 -75 -33 -33 -2 -2 -65 -12 30 30 -12 30 30 -18 -18 -81 7 49 49 7 49 49 -66 -35 7 7 -3 -3
1 2 4 5 10 11 20 21 23 24 25 26 27 28 30 31 32
1 2 3 4 5 6 10 11 12 20 21 22 24 25 27 28 31 32
1 2 4 5 10 11 13 14 15 16 17 18 23 24 25 26 27 28 30 31 32 33 34
1 2 3 4 5 6 10 11 12 14 15 17 18 24 25 27 28 31 32
1 2 3 4 5 6 8 9 14 15 17 18 24 25 27 28
1 2 4 5 7 8 9 13 14 15 16 17 18 23 24 25 26 27 28 29 33 34

41 41 -21 41 41 -21 -118 30 30 40 40 -22 -119 29 29 -119 29 29 -8 -8 -70 43 -19 -29 43 -29 -19 32 42 -20 -20 31 31
1 2 3 4 5 6 8 9 10 11 12 14 15 17 18 20 21 22 23 24 26 28 29 30 31 32 33 34
1 2 4 5 7 8 9 10 11 13 14 15 16 17 18 23 26 29 30 33 34
4 6 8 17 20 22 24 26 27 28 29 31 34
2 3 9 15 21 22 23 24 25 28 29 32 33

41 41 20 41 41 20 -48 -69 -69 -1 -1 -22 15 -6 -6 15 -6 -6 -51 -51 -72 0 49 49 0 49 49 -40 -42 7 7 23 23
1 2 3 4 5 6 10 11 12 20 21 22 24 25 27 28 31 32
1 2 4 5 10 11 20 21 23 24 25 26 27 28 30 31 32
1 2 3 4 5 6 10 11 12 13 14 15 16 17 18 24 25 27 28 31 32 33 34
1 2 4 5 10 11 13 16 23 24 25 26 27 28 30 31 32 33 34
1 2 3 4 5 6 7 8 9 13 14 15 16 17 18 24 25 27 28 29 33 34
1 2 4 5 7 13 16 23 24 25 26 27 28 29 33 34

47 46 -22 46 45 -23 -128 29 28 37 36 -32 -122 35 34 -123 34 33 -5 -6 -74 46 -32 -23 45 -23 -24 28 36 -17 -18 34 33
1 2 4 5 10 11 14 15 17 18 20 21 23 26 30 31 32 33 34
1 2 3 4 5 6 10 11 12 14 15 17 18 20 21 22 31 32
1 2 4 5 10 11 13 14 15 16 17 18 23 26 30 33 34
1 2 4 5 7 8 9 13 14 15 16 17 18 23 26 29 33 34
1 2 3 4 5 6 8 9 14 15 17 18 20 21 22 23 25 26 27 28 29 31 32 33 34
1 3 8 14 20 22 23 24 25 27 29 31 33

52 52 -32 52 52 -32 -66 -45 -45 10 10 -74 -3 18 18 -3 18 18 -15 -15 -99 -28 63 63 -28 63 63 -55 -70 21 21 8 8
1 2 4 5 10 11 13 16 20 21 23 24 25 26 27 28 30 31 32 33 34
1 2 3 4 5 6 10 11 12 20 21 22 24 25 27 28 31 32
1 2 3 4 5 6 10 11 12 14 15 17 18 24 25 27 28 31 32
1 2 4 5 10 11 13 14 15 16 17 18 24 25 27 28 31 32 33 34
1 2 3 4 5 6 8 9 14 15 17 18 24 25 27 28
1 2 4 5 7 8 9 13 14 15 16 17 18 24 25 27 28 29 33 34
1 2 4 5 7 13 16 23 24 25 26 27 28 29 33 34

59 37 -4 58 36 -5 -135 34 12 58 36 -5 -135 34 12 -136 33 11 -23 -45 -86 64 -57 1 63 -48 0 39 63 -48 0 39 38
1 2 3 4 5 6 10 11 12 20 21 22 23 25 26 28 30 32
1 3 4 6 8 10 12 14 17 20 22 23 25 26 27 28 29 30 31 32 33 34
1 2 3 4 5 6 8 9 10 11 12 14 15 17 18 23 25 26 28 29 30 32 33 34
1 2 4 5 7 8 9 10 11 13 14 15 16 17 18 23 26 29 30 33 34
1 3 8 14 20 22 23 24 25 27 29 31 33

60 59 -3 60 59 -3 -166 -18 -19 19 18 -44 -102 46 45 -102 46 45 -26 -27 -89 63 1 0 63 1 0 -15 22 -50 -41 49 49
1 2 3 4 5 6 10 11 12 14 15 17 18 20 21 22 23 24 25 26 27 28 30 32 33 34
1 2 4 5 10 11 13 14 15 16 17 18 23 26 30 33 34
1 2 4 5 7 8 9 13 14 15 16 17 18 23 26 29 33 34
1 2 3 4 5 6 8 9 14 15 17 18 23 24 25 26 27 28 29 33 34
10 12 14 17 20 22 24 27 30 31 32 33 34

60 59 17 59 58 16 -52 -94 -95 -45 -46 -88 54 12 11 53 11 10 8 7 -35 -113 65 64 -104 64 63 -47 2 -50 -41 59 58
1 2 3 4 5 6 10 11 12 13 14 15 16 17 18 20 21 22 24 25 27 28 30 32 33 34
1 2 4 5 7 13 16 20 21 24 25 26 27 28 29 30 33 34
1 2 3 4 5 6 7 8 9 13 14 15 16 17 18 24 25 27 28 29 33 34
1 2 7 13 20 21 23 24 25 26 29 30 33
10 12 14 17 20 22 24 27 30 31 32 33 34

62 62 -70 62 62 -70 -151 47 47 53 53 -79 -145 53 53 -145 53 53 12 12 -120 24 -3 -3 24 -3 -3 9 15 3 3 15 15
1 2 4 5 10 11 14 15 17 18 20 21 23 26 30 31 32 33 34
1 2 3 4 5 6 10 11 12 14 15 17 18 20 21 22 31 32
1 2 4 5 10 11 13 14 15 16 17 18 23 26 30 33 34
1 2 3 4 5 6 8 9 14 15 17 18 20 21 22 24 25 27 28 31 32
1 2 4 5 8 9 14 15 17 18 20 21 23 24 25 26 27 28 29 31 32 33 34
1 2 4 5 7 8 9 13 14 15 16 17 18 23 26 29 33 34

62 62 -64 62 62 -64 -146 43 43 62 62 -64 -146 43 43 -146 43 43 -9 -9 -135 28 7 7 28 7 7 9 28 7 7 9 9
1 2 3 4 5 6 10 11 12 20 21 22 24 25 27 28 31 32
1 2 4 5 10 11 20 21 23 24 25 26 27 28 30 31 32
1 2 4 5 8 9 10 11 14 15 17 18 23 24 25 26 27 28 29 30 31 32 33 34
1 2 3 4 5 6 8 9 10 11 12 14 15 17 18 24 25 27 28 31 32
1 2 4 5 7 8 9 10 11 13 14 15 16 17 18 23 26 29 30 33 34

63 42 0 63 42 0 -140 28 7 63 42 0 -140 28 7 -140 28 7 -42 -63 -105 70 -42 7 70 -42 7 35 70 -42 7 35 35
1 2 3 4 5 6 10 11 12 20 21 22 23 25 26 28 30 32
1 3 4 6 10 12 20 22 23 24 25 26 27 28 30 31 32
1 2 3 4 5 6 8 9 10 11 12 14 15 17 18 23 25 26 28 29 30 32 33 34
1 2 4 5 7 8 9 10 11 13 14 15 16 17 18 23 26 29 30 33 34
1 3 4 6 8 10 12 14 17 23 24 25 26 27 28 29 30 31 32 33 34

64 57 22 64 57 22 -54 -104 -96 -49 -56 -91 58 8 16 58 8 16 10 3 -32 -108 67 60 -108 67 60 -51 4 -56 -38 61 61
1 2 3 4 5 6 10 11 12 13 15 16 18 20 21 22 30 32
1 3 4 6 10 12 13 14 15 16 17 18 20 22 24 27 30 32 33 34
1 2 3 4 5 6 7 9 13 15 16 18 24 25 27 28 29 33 34
1 3 4 6 7 8 9 13 14 15 16 17 18 24 27 29 33 34
1 2 4 5 7 13 16 20 21 23 24 25 26 27 28 29 30 33 34
1 2 3 4 5 6 13 15 16 18 20 21 22 24 25 27 28 30 32 33 34
10 12 14 17 20 22 24 27 30 31 32 33 34

65 59 22 64 58 21 -52 -104 -95 -50 -56 -93 59 7 16 58 6 15 10 4 -33 -116 67 61 -107 66 60 -50 4 -48 -39 61 60
1 2 3 4 5 6 10 11 12 13 15 16 18 20 21 22 30 32
1 3 4 6 10 12 13 14 15 16 17 18 20 22 24 27 30 31 32 33 34
1 2 3 4 5 6 7 9 13 15 16 18 24 25 27 28 29 33 34
1 2 3 4 5 6 13 15 16 18 20 21 22 24 25 27 28 30 32 33 34
1 3 4 6 7 8 9 13 14 15 16 17 18 24 27 29 33 34
1 2 4 5 7 13 16 20 21 24 25 26 27 28 29 30 33 34
1 2 7 13 20 21 23 24 25 26 29 30 33

65 65 -4 65 65 -4 -175 -19 -19 14 14 -55 -106 50 50 -106 50 50 -24 -24 -93 66 -3 -3 66 -3 -3 -18 15 -39 -39 51 51
1 2 4 5 10 11 14 15 17 18 20 21 23 26 30 31 32 33 34
1 2 3 4 5 6 10 11 12 14 15 17 18 20 21 22 31 32
1 2 4 5 10 11 13 14 15 16 17 18 23 26 30 33 34
1 2 3 4 5 6 8 9 14 15 17 18 23 24 25 26 27 28 29 33 34
1 2 4 5 7 8 9 13 14 15 16 17 18 23 26 29 33 34
1 2 3 4 5 6 14 15 17 18 20 21 22 23 24 25 26 27 28 31 32 33 34

65 65 2 65 65 2 -170 -23 -23 23 23 -40 -107 40 40 -107 40 40 -45 -45 -108 70 7 7 70 7 7 -18 28 -35 -35 45 45
1 2 3 4 5 6 10 11 12 20 21 22 23 24 25 26 27 28 30 31 32
1 2 4 5 10 11 13 14 15 16 17 18 23 26 30 33 34
1 2 3 4 5 6 10 11 12 14 15 17 18 23 24 25 26 27 28 30 31 32 33 34
1 2 4 5 7 8 9 13 14 15 16 17 18 23 26 29 33 34
1 2 3 4 5 6 8 9 14 15 17 18 23 24 25 26 27 28 29 33 34

71 71 -77 70 70 -78 -139 -77 -77 7 7 -141 8 70 70 7 69 69 64 64 -84 -155 127 127 -146 126 126 -83 1 -147 -147 64 63
1 2 4 5 10 11 13 14 15 16 17 18 20 21 24 25 27 28 30 33 34
1 2 3 4 5 6 10 11 12 14 15 17 18 20 21 22 24 25 27 28
1 2 3 4 5 6 8 9 14 15 17 18 24 25 27 28
1 2 4 5 7 8 9 13 14 15 16 17 18 24 25 27 28 29 33 34
1 2 4 5 7 13 16 20 21 24 25 26 27 28 29 30 33 34
1 2 7 13 20 21 23 24 25 26 29 30 33
10 11 12 14 15 17 18 20 21 22 24 25 27 28 30 31 32 33 34

76 76 -50 76 76 -50 -188 1 1 34 34 -92 -125 64 64 -125 64 64 -9 -9 -135 42 21 21 42 21 21 -33 0 -21 -21 30 30
1 2 3 4 5 6 10 11 12 14 15 17 18 20 21 22 24 25 27 28 31 32
1 2 4 5 10 11 14 15 17 18 20 21 23 24 25 26 27 28 30 31 32 33 34
1 2 4 5 10 11 13 14 15 16 17 18 23 26 30 33 34
1 2 3 4 5 6 8 9 14 15 17 18 24 25 27 28
1 2 4 5 7 8 9 13 14 15 16 17 18 23 26 29 33 34
1 2 4 5 8 9 14 15 17 18 23 24 25 26 27 28 29 33 34

76 76 -30 75 75 -31 -74 -75 -75 -30 -30 -136 31 30 30 30 29 29 25 25 -81 -134 85 85 -125 84 84 -65 -20 -21 -21 40 39
1 2 4 5 10 11 13 14 15 16 17 18 20 21 24 25 27 28 30 31 32 33 34
1 2 3 4 5 6 10 11 12 14 15 17 18 20 21 22 24 25 27 28 31 32
1 2 4 5 7 8 9 13 14 15 16 17 18 24 25 27 28 29 33 34
1 2 4 5 7 13 16 20 21 24 25 26 27 28 29 30 33 34
1 2 3 4 5 6 8 9 14 15 17 18 24 25 27 28
1 2 7 13 20 21 23 24 25 26 29 30 33

77 56 14 77 56 14 -182 -14 -35 35 14 -28 -119 49 28 -119 49 28 -42 -63 -105 84 -28 21 84 -28 21 -7 42 -70 -21 56 56
1 2 3 4 5 6 10 11 12 20 21 22 23 25 26 28 30 32
1 3 4 6 10 12 14 17 20 22 23 24 25 26 27 28 30 31 32 33 34
1 2 3 4 5 6 10 11 12 14 15 17 18 23 25 26 28 30 32 33 34
1 2 4 5 10 11 13 14 15 16 17 18 23 26 30 33 34
1 2 3 4 5 6 8 9 14 15 17 18 23 25 26 28 29 33 34
1 3 4 6 8 14 17 23 24 25 26 27 28 29 33 34
1 2 4 5 7 8 9 13 14 15 16 17 18 23 26 29 33 34

77 77 13 76 76 12 -47 -111 -111 -29 -29 -93 58 -6 -6 57 -7 -7 -8 -8 -72 -141 85 85 -132 84 84 -39 -27 -21 -21 66 65
1 2 4 5 10 11 13 16 20 21 24 25 27 28 30 31 32 33 34
1 2 3 4 5 6 10 11 12 20 21 22 24 25 27 28 31 32
1 2 3 4 5 6 10 11 12 13 14 15 16 17 18 24 25 27 28 31 32 33 34
1 2 3 4 5 6 7 8 9 13 14 15 16 17 18 24 25 27 28 29 33 34
1 2 4 5 7 13 16 20 21 24 25 26 27 28 29 30 33 34
1 2 7 13 20 21 23 24 25 26 29 30 33

78 77 36 78 77 36 -100 -141 -142 -68 -69 -110 69 28 27 69 28 27 -11 -12 -53 -84 85 84 -84 85 84 -93 -20 -71 -62 76 76
1 2 3 4 5 6 10 11 12 13 14 15 16 17 18 20 21 22 24 25 27 28 30 32 33 34
1 2 4 5 7 13 16 23 24 25 26 27 28 29 33 34
1 2 3 4 5 6 7 8 9 13 14 15 16 17 18 24 25 27 28 29 33 34
1 2 4 5 13 16 20 21 23 24 25 26 27 28 30 33 34
10 12 14 17 20 22 24 27 30 31 32 33 34

83 77 41 83 77 41 -100 -151 -142 -73 -79 -115 74 23 32 74 23 32 -9 -15 -51 -87 87 81 -87 87 81 -96 -18 -69 -60 78 78
1 2 3 4 5 6 10 11 12 13 15 16 18 20 21 22 30 32
1 3 4 6 10 12 13 14 15 16 17 18 20 22 24 27 30 31 32 33 34
1 2 4 5 7 13 16 23 24 25 26 27 28 29 33 34
1 3 4 6 7 8 9 13 14 15 16 17 18 24 27 29 33 34
1 2 4 5 13 16 20 21 23 24 25 26 27 28 30 33 34
1 2 3 4 5 6 13 15 16 18 20 21 22 24 25 27 28 30 32 33 34
1 2 3 4 5 6 7 9 13 15 16 18 24 25 27 28 29 33 34

89 89 -58 89 89 -58 -187 -124 -124 -16 -16 -163 23 86 86 23 86 86 45 45 -102 -126 147 147 -126 147 147 -129 -21 -168 -168 81 81
1 2 4 5 10 11 13 14 15 16 17 18 20 21 24 25 27 28 30 33 34
1 2 3 4 5 6 10 11 12 14 15 17 18 20 21 22 24 25 27 28
1 2 4 5 7 13 16 23 24 25 26 27 28 29 33 34
1 2 3 4 5 6 8 9 14 15 17 18 24 25 27 28
1 2 4 5 13 16 20 21 23 24 25 26 27 28 30 33 34
1 2 4 5 7 8 9 13 14 15 16 17 18 24 25 27 28 29 33 34
10 11 12 14 15 17 18 20 21 22 24 25 27 28 30 31 32 33 34

92 92 -34 92 92 -34 -71 -92 -92 -13 -13 -139 34 13 13 34 13 13 9 9 -117 -154 105 105 -154 105 105 -58 -49 0 0 47 47
1 2 4 5 10 11 13 16 20 21 24 25 27 28 30 31 32 33 34
1 2 3 4 5 6 10 11 12 20 21 22 24 25 27 28 31 32
1 2 4 5 10 11 13 14 15 16 17 18 24 25 27 28 31 32 33 34
1 2 3 4 5 6 10 11 12 14 15 17 18 24 25 27 28 31 32
1 2 4 5 7 13 16 20 21 23 24 25 26 27 28 29 30 33 34
1 2 3 4 5 6 8 9 14 15 17 18 24 25 27 28
1 2 4 5 7 8 9 13 14 15 16 17 18 24 25 27 28 29 33 34

94 94 -11 94 94 -11 -122 -122 -122 -53 -53 -158 46 46 46 46 46 46 6 6 -99 -105 105 105 -105 105 105 -111 -42 -42 -42 57 57
1 2 4 5 10 11 13 14 15 16 17 18 20 21 24 25 27 28 30 31 32 33 34
1 2 3 4 5 6 10 11 12 14 15 17 18 20 21 22 24 25 27 28 31 32
1 2 3 4 5 6 8 9 14 15 17 18 24 25 27 28
1 2 4 5 7 13 16 23 24 25 26 27 28 29 33 34
1 2 4 5 7 8 9 13 14 15 16 17 18 24 25 27 28 29 33 34
1 2 4 5 13 16 20 21 23 24 25 26 27 28 30 33 34

95 94 -73 52 51 -116 -164 89 88 52 51 -116 -164 89 88 -207 46 45 49 48 -119 43 -134 -125 0 43 42 37 0 43 42 37 -6
1 2 4 5 8 9 10 11 14 15 17 18 20 21 23 26 27 28 29 30 31 32 33 34
1 2 3 4 5 6 8 9 10 11 12 14 15 17 18 20 21 22 27 28 31 32
1 2 4 5 7 8 9 10 11 13 14 15 16 17 18 23 26 29 30 33 34
1 3 8 14 20 22 23 24 25 27 29 31 33
1 2 3 8 9 14 15 20 21 22 23 25 27 28 29 31 32 33

95 95 32 95 95 32 -95 -158 -158 -52 -52 -115 73 10 10 73 10 10 -27 -27 -90 -112 105 105 -112 105 105 -85 -49 -42 -42 83 83
1 2 4 5 10 11 13 16 20 21 24 25 27 28 30 31 32 33 34
1 2 3 4 5 6 10 11 12 20 21 22 24 25 27 28 31 32
1 2 3 4 5 6 10 11 12 13 14 15 16 17 18 24 25 27 28 31 32 33 34
1 2 4 5 7 13 16 23 24 25 26 27 28 29 33 34
1 2 4 5 13 16 20 21 23 24 25 26 27 28 30 33 34
1 2 3 4 5 6 7 8 9 13 14 15 16 17 18 24 25 27 28 29 33 34

99 58 37 99 58 37 -213 -24 -65 -5 -46 -67 -107 82 41 -107 82 41 -3 -44 -65 105 -126 43 105 -126 43 -18 1 -20 -71 88 88
1 2 3 4 5 6 10 11 12 14 15 17 18 20 21 22 23 25 26 28 30 31 33 34
1 2 4 5 10 11 13 14 15 16 17 18 23 26 30 33 34
1 3 4 6 8 14 17 20 22 23 24 25 26 27 28 29 31 33 34
1 2 3 4 5 6 8 9 14 15 17 18 23 25 26 28 29 33 34
1 2 4 5 7 8 9 13 14 15 16 17 18 23 26 29 33 34
11 12 15 18 21 22 25 28 30 31 32 33 34

99 99 -75 57 57 -117 -174 87 87 48 48 -126 -168 93 93 -210 51 51 51 51 -123 45 -129 -129 3 39 39 33 -6 45 45 39 -3
1 2 4 5 10 11 14 15 17 18 20 21 23 26 30 31 32 33 34
1 2 3 4 5 6 10 11 12 14 15 17 18 20 21 22 31 32
1 2 4 5 10 11 13 14 15 16 17 18 23 26 30 33 34
1 2 4 5 7 8 9 13 14 15 16 17 18 23 26 29 33 34
1 2 4 5 8 9 14 15 17 18 20 21 23 26 27 28 29 31 32 33 34
1 2 3 4 5 6 8 9 14 15 17 18 20 21 22 27 28 31 32
1 2 3 8 9 14 15 20 21 22 23 24 25 27 28 29 31 32 33

101 58 38 100 57 37 -212 -22 -65 -5 -48 -68 -107 83 40 -108 82 39 -2 -45 -65 106 -134 43 105 -125 42 -17 0 -20 -63 88 87
1 2 3 4 5 6 10 11 12 14 15 17 18 20 21 22 23 25 26 28 30 31 32 33 34
1 2 4 5 10 11 13 14 15 16 17 18 23 26 30 33 34
1 3 4 6 8 14 17 20 22 23 25 26 27 28 29 31 33 34
1 2 4 5 7 8 9 13 14 15 16 17 18 23 26 29 33 34
1 2 3 4 5 6 8 9 14 15 17 18 23 25 26 28 29 33 34
1 3 8 14 20 22 23 24 25 27 29 31 33

104 104 -1 104 104 -1 -97 -97 -97 -148 -148 -253 71 71 71 71 71 71 54 54 -51 -147 63 63 -147 63 63 -138 21 21 21 30 30
1 2 4 5 10 11 13 14 15 16 17 18 20 21 30 31 32
1 2 3 4 5 6 10 11 12 14 15 17 18 20 21 22 31 32
1 2 3 4 5 6 8 9 14 15 17 18 24 25 27 28
1 2 4 5 7 8 9 13 14 15 16 17 18 24 25 27 28 29 33 34
1 2 4 5 7 13 16 20 21 23 24 25 26 27 28 29 30 33 34
1 2 3 4 5 6 14 15 17 18 20 21 22 24 25 27 28 31 32
1 2 4 5 13 14 15 16 17 18 20 21 24 25 27 28 30 31 32 33 34

105 63 36 105 63 36 -222 -24 -66 -9 -51 -78 -111 87 45 -111 87 45 0 -42 -69 108 -129 39 108 -129 39 -21 -6 -18 -60 90 90
1 2 4 5 10 11 14 15 17 18 20 21 23 26 30 31 32 33 34
1 2 3 4 5 6 10 11 12 14 15 17 18 20 21 22 31 32
1 2 4 5 10 11 13 14 15 16 17 18 23 26 30 33 34
1 3 4 6 8 14 17 20 22 23 24 25 26 27 28 29 31 33 34
1 2 3 4 5 6 14 15 17 18 20 21 22 23 25 26 28 31 32 33 34
1 2 4 5 7 8 9 13 14 15 16 17 18 23 26 29 33 34
1 2 3 4 5 6 8 9 14 15 17 18 23 25 26 28 29 33 34

110 110 -121 68 68 -163 -187 107 107 68 68 -163 -187 107 107 -229 65 65 66 66 -165 21 -105 -105 -21 63 63 18 -21 63 63 18 -24
1 2 4 5 8 9 10 11 14 15 17 18 20 21 23 26 27 28 29 30 31 32 33 34
1 2 3 4 5 6 8 9 10 11 12 14 15 17 18 20 21 22 27 28 31 32
1 2 4 5 7 8 9 10 11 13 14 15 16 17 18 23 26 29 30 33 34
1 2 8 9 14 15 20 21 23 24 25 27 28 29 31 32 33
1 2 3 8 9 14 15 20 21 22 24 25 27 28 31 32

117 54 54 117 54 54 -19 -229 -82 12 -51 -51 86 -124 23 86 -124 23 -18 -81 -81 -154 126 63 -154 126 63 -10 -49 21 -42 95 95
1 2 4 5 10 11 13 16 20 21 24 25 27 28 30 31 32 33 34
1 2 3 4 5 6 10 11 12 20 21 22 24 25 27 28 31 32
1 2 3 4 5 6 10 11 12 13 15 16 18 24 25 27 28 31 32 33 34
1 3 4 6 10 12 13 14 15 16 17 18 24 27 31 33 34
1 3 4 6 7 8 9 13 14 15 16 17 18 24 27 29 33 34
1 2 3 4 5 6 7 9 13 15 16 18 24 25 27 28 29 33 34
1 2 4 5 7 13 16 20 21 23 24 25 26 27 28 29 30 33 34

119 77 56 119 77 56 -259 -70 -112 -28 -70 -91 -91 98 56 -91 98 56 -21 -63 -84 126 -105 63 126 -105 63 -63 -21 -42 -84 105 105
1 2 3 4 5 6 10 11 12 14 15 17 18 20 21 22 23 25 26 28 30 31 32 33 34
1 2 4 5 10 11 13 14 15 16 17 18 23 26 30 33 34
1 3 4 6 8 14 17 23 24 25 26 27 28 29 33 34
1 3 4 6 14 17 20 22 23 24 25 26 27 28 31 33 34
1 2 3 4 5 6 8 9 14 15 17 18 23 25 26 28 29 33 34
1 2 4 5 7 8 9 13 14 15 16 17 18 23 26 29 33 34

5 5 -1 5 5 -1 -10 -1 -1 -4 -4 -10 -4 5 5 -4 5 5 5 5 -1 5 -1 -11 5 -11 -1 -1 -14 5 5 5 5
1 2 4 5 10 11 13 14 15 16 17 18 20 21 23 26 31 32 33 34
1 2 3 4 5 6 10 11 12 14 15 17 18 20 21 22 31 32
1 2 4 5 7 8 9 13 14 15 16 17 18 23 26 29 33 34
1 2 3 4 5 6 8 9 14 15 17 18 20 21 22 23 24 26 28 29 31 32 33 34
2 3 9 15 21 22 23 24 25 28 29 32 33
10 11 13 16 20 21 23 26 30 31 32 33 34
4 6 8 17 20 22 24 26 27 28 29 31 34

35 35 -28 35 35 -28 -70 -28 -28 -7 -7 -70 -7 35 35 -7 35 35 -21 -21 -84 14 56 56 14 56 56 -84 -28 14 14 -21 -21
1 2 3 4 5 6 10 11 12 20 21 22 24 25 27 28 31 32
1 2 4 5 10 11 20 21 23 24 25 26 27 28 30 31 32
1 2 4 5 10 11 13 14 15 16 17 18 23 24 25 26 27 28 30 31 32
1 2 3 4 5 6 10 11 12 14 15 17 18 24 25 27 28 31 32
1 2 3 4 5 6 8 9 14 15 17 18 24 25 27 28
1 2 4 5 7 8 9 13 14 15 16 17 18 23 24 25 26 27 28
7 8 9 13 14 15 16 17 18 23 24 25 26 27 28 29 33 34
13 14 15 16 17 18 23 24 25 26 27 28 30 31 32 33 34

40 40 -30 40 40 -30 -80 -30 -30 -10 -10 -80 -10 40 40 -10 40 40 4 4 -66 4 39 39 4 39 39 -66 -56 4 4 4 4
1 2 4 5 10 11 13 14 15 16 17 18 20 21 23 26 31 32 33 34
1 2 3 4 5 6 10 11 12 14 15 17 18 20 21 22 31 32
1 2 3 4 5 6 8 9 14 15 17 18 24 25 27 28
1 2 4 5 7 8 9 13 14 15 16 17 18 23 26 29 33 34
1 2 4 5 14 15 17 18 20 21 23 24 25 26 27 28 31 32 33 34
1 2 4 5 8 9 14 15 17 18 23 24 25 26 27 28 29 33 34
1 2 3 4 5 6 14 15 17 18 20 21 22 24 25 27 28 31 32
10 11 13 16 20 21 23 26 30 31 32 33 34

46 46 -22 46 46 -22 -128 29 29 36 36 -32 -123 34 34 -123 34 34 -5 -5 -73 46 -22 -32 46 -32 -22 29 36 -17 -17 34 34
1 2 3 4 5 6 10 11 12 14 15 17 18 20 21 22 31 32
1 2 4 5 10 11 14 15 17 18 20 21 23 26 30 31 32 33 34
1 2 4 5 10 11 13 14 15 16 17 18 23 26 30 33 34
1 2 4 5 7 8 9 13 14 15 16 17 18 23 26 29 33 34
1 2 3 4 5 6 8 9 14 15 17 18 20 21 22 23 24 26 28 29 31 32 33 34
4 6 8 17 20 22 24 26 27 28 29 31 34
2 3 9 15 21 22 23 24 25 28 29 32 33

52 52 -33 52 52 -33 -66 -46 -46 11 11 -74 -2 18 18 -2 18 18 -14 -14 -99 -27 63 63 -27 63 63 -55 -78 22 22 9 9
1 2 4 5 10 11 13 16 20 21 23 24 25 26 27 28 31 32 33 34
1 2 3 4 5 6 10 11 12 20 21 22 24 25 27 28 31 32
1 2 3 4 5 6 10 11 12 14 15 17 18 24 25 27 28 31 32
1 2 4 5 10 11 13 14 15 16 17 18 24 25 27 28 31 32 33 34
1 2 3 4 5 6 8 9 14 15 17 18 24 25 27 28
1 2 4 5 7 13 16 23 24 25 26 27 28 29 33 34
1 2 4 5 7 8 9 13 14 15 16 17 18 24 25 27 28 29 33 34
10 11 13 16 20 21 23 26 30 31 32 33 34

57 57 -27 57 57 -27 -71 -50 -50 15 15 -69 -8 13 13 -8 13 13 -33 -33 -117 -21 70 70 -21 70 70 -58 -63 28 28 5 5
1 2 3 4 5 6 10 11 12 20 21 22 24 25 27 28 31 32
1 2 4 5 10 11 20 21 23 24 25 26 27 28 30 31 32
1 2 3 4 5 6 10 11 12 14 15 17 18 24 25 27 28 31 32
1 2 4 5 10 11 13 16 23 24 25 26 27 28 30 31 32 33 34
1 2 4 5 10 11 13 14 15 16 17 18 24 25 27 28 31 32 33 34
1 2 3 4 5 6 8 9 14 15 17 18 24 25 27 28
1 2 4 5 7 8 9 13 14 15 16 17 18 24 25 27 28 29 33 34
1 2 4 5 7 13 16 23 24 25 26 27 28 29 33 34

65 58 22 64 57 21 -53 -104 -96 -49 -56 -92 59 8 16 58 7 15 11 4 -32 -116 68 61 -107 67 60 -50 5 -56 -38 62 61
1 2 3 4 5 6 10 11 12 13 15 16 18 20 21 22 30 32
1 3 4 6 10 12 13 14 15 16 17 18 20 22 24 27 30 32 33 34
1 3 4 6 7 8 9 13 14 15 16 17 18 24 27 29 33 34
1 2 4 5 7 13 16 20 21 24 25 26 27 28 29 30 33 34
1 2 3 4 5 6 7 9 13 15 16 18 24 25 27 28 29 33 34
1 2 3 4 5 6 13 15 16 18 20 21 22 24 25 27 28 30 32 33 34
1 2 7 13 20 21 23 24 25 26 29 30 33
10 12 14 17 20 22 24 27 30 31 32 33 34

71 70 -77 70 69 -78 -140 -77 -78 8 7 -140 8 71 70 7 70 69 65 64 -83 -155 128 127 -146 127 126 -83 2 -155 -146 65 64
1 2 4 5 10 11 13 14 15 16 17 18 20 21 24 25 27 28 30 33 34
1 2 3 4 5 6 10 11 12 14 15 17 18 20 21 22 24 25 27 28
1 2 4 5 7 13 16 20 21 24 25 26 27 28 29 30 33 34
1 2 4 5 7 8 9 13 14 15 16 17 18 24 25 27 28 29 33 34
1 2 3 4 5 6 8 9 14 15 17 18 24 25 27 28
1 2 7 13 20 21 23 24 25 26 29 30 33
10 11 12 14 15 17 18 20 21 22 24 25 27 28 30 32 33 34
10 12 14 17 20 22 24 27 30 31 32 33 34

77 55 14 77 55 14 -183 -14 -36 36 14 -27 -119 50 28 -119 50 28 -41 -63 -104 84 -27 21 84 -27 21 -7 43 -78 -20 57 57
1 3 4 6 10 12 14 17 20 22 23 24 25 26 27 28 30 32 33 34
1 2 3 4 5 6 10 11 12 20 21 22 23 25 26 28 30 32
1 2 3 4 5 6 10 11 12 14 15 17 18 23 25 26 28 30 32 33 34
1 2 4 5 10 11 13 14 15 16 17 18 23 26 30 33 34
1 3 4 6 8 14 17 23 24 25 26 27 28 29 33 34
1 2 4 5 7 8 9 13 14 15 16 17 18 23 26 29 33 34
1 2 3 4 5 6 8 9 14 15 17 18 23 25 26 28 29 33 34
10 12 14 17 20 22 24 27 30 31 32 33 34

81 81 -51 81 81 -51 -198 0 0 30 30 -102 -129 69 69 -129 69 69 -6 -6 -138 45 18 18 45 18 18 -36 -6 -18 -18 33 33
1 2 3 4 5 6 10 11 12 14 15 17 18 20 21 22 31 32
1 2 4 5 10 11 14 15 17 18 20 21 23 26 30 31 32 33 34
1 2 4 5 10 11 13 14 15 16 17 18 23 26 30 33 34
1 2 4 5 14 15 17 18 20 21 23 24 25 26 27 28 31 32 33 34
1 2 3 4 5 6 14 15 17 18 20 21 22 24 25 27 28 31 32
1 2 4 5 7 8 9 13 14 15 16 17 18 23 26 29 33 34
1 2 3 4 5 6 8 9 14 15 17 18 24 25 27 28
1 2 4 5 8 9 14 15 17 18 23 24 25 26 27 28 29 33 34

81 81 -45 81 81 -45 -193 -4 -4 39 39 -87 -130 59 59 -130 59 59 -27 -27 -153 49 28 28 49 28 28 -36 7 -14 -14 27 27
1 2 3 4 5 6 10 11 12 20 21 22 24 25 27 28 31 32
1 2 4 5 10 11 20 21 23 24 25 26 27 28 30 31 32
1 2 4 5 10 11 13 14 15 16 17 18 23 26 30 33 34
1 2 4 5 10 11 14 15 17 18 23 24 25 26 27 28 30 31 32 33 34
1 2 3 4 5 6 10 11 12 14 15 17 18 24 25 27 28 31 32
1 2 3 4 5 6 8 9 14 15 17 18 24 25 27 28
1 2 4 5 8 9 14 15 17 18 23 24 25 26 27 28 29 33 34
1 2 4 5 7 8 9 13 14 15 16 17 18 23 26 29 33 34

82 61 19 82 61 19 -187 -19 -40 40 19 -23 -124 44 23 -124 44 23 -60 -81 -123 91 -21 28 91 -21 28 -10 49 -63 -14 53 53
1 2 3 4 5 6 10 11 12 20 21 22 23 25 26 28 30 32
1 3 4 6 10 12 20 22 23 24 25 26 27 28 30 31 32
1 2 4 5 10 11 13 14 15 16 17 18 23 26 30 33 34
1 2 3 4 5 6 10 11 12 14 15 17 18 23 25 26 28 30 32 33 34
1 3 4 6 10 12 14 17 23 24 25 26 27 28 30 31 32 33 34
1 2 3 4 5 6 8 9 14 15 17 18 23 25 26 28 29 33 34
1 3 4 6 8 14 17 23 24 25 26 27 28 29 33 34
1 2 4 5 7 8 9 13 14 15 16 17 18 23 26 29 33 34

83 76 41 83 76 41 -101 -151 -143 -72 -79 -114 74 24 32 74 24 32 -8 -15 -50 -87 88 81 -87 88 81 -96 -17 -77 -59 79 79
1 2 3 4 5 6 10 11 12 13 15 16 18 20 21 22 30 32
1 3 4 6 10 12 13 14 15 16 17 18 20 22 24 27 30 32 33 34
1 2 4 5 7 13 16 23 24 25 26 27 28 29 33 34
1 2 3 4 5 6 7 9 13 15 16 18 24 25 27 28 29 33 34
1 2 3 4 5 6 13 15 16 18 20 21 22 24 25 27 28 30 32 33 34
1 3 4 6 7 8 9 13 14 15 16 17 18 24 27 29 33 34
1 2 4 5 13 16 20 21 23 24 25 26 27 28 30 33 34
10 12 14 17 20 22 24 27 30 31 32 33 34

89 88 -58 89 88 -58 -188 -124 -125 -15 -16 -162 23 87 86 23 87 86 46 45 -101 -126 148 147 -126 148 147 -129 -20 -176 -167 82 82
1 2 4 5 10 11 13 14 15 16 17 18 20 21 24 25 27 28 30 33 34
1 2 3 4 5 6 10 11 12 14 15 17 18 20 21 22 24 25 27 28
1 2 4 5 7 13 16 23 24 25 26 27 28 29 33 34
1 2 3 4 5 6 8 9 14 15 17 18 24 25 27 28
1 2 4 5 7 8 9 13 14 15 16 17 18 24 25 27 28 29 33 34
1 2 4 5 13 16 20 21 23 24 25 26 27 28 30 33 34
10 11 12 14 15 17 18 20 21 22 24 25 27 28 30 32 33 34
10 12 14 17 20 22 24 27 30 31 32 33 34

93 93 -34 92 92 -35 -70 -92 -92 -13 -13 -140 35 13 13 34 12 12 10 10 -117 -162 106 106 -153 105 105 -57 -48 0 0 48 47
1 2 4 5 10 11 13 16 20 21 24 25 27 28 30 31 32 33 34
1 2 3 4 5 6 10 11 12 20 21 22 24 25 27 28 31 32
1 2 4 5 10 11 13 14 15 16 17 18 24 25 27 28 31 32 33 34
1 2 3 4 5 6 10 11 12 14 15 17 18 24 25 27 28 31 32
1 2 3 4 5 6 8 9 14 15 17 18 24 25 27 28
1 2 4 5 7 8 9 13 14 15 16 17 18 24 25 27 28 29 33 34
1 2 4 5 7 13 16 20 21 24 25 26 27 28 29 30 33 34
1 2 7 13 20 21 23 24 25 26 29 30 33

100 58 38 99 57 37 -213 -23 -65 -5 -47 -67 -107 83 41 -108 82 40 -2 -44 -64 106 -134 44 105 -125 43 -17 1 -19 -71 89 88
1 2 3 4 5 6 10 11 12 14 15 17 18 20 21 22 23 25 26 28 30 31 33 34
1 2 4 5 10 11 13 14 15 16 17 18 23 26 30 33 34
1 3 4 6 8 14 17 20 22 23 25 26 27 28 29 31 33 34
1 2 4 5 7 8 9 13 14 15 16 17 18 23 26 29 33 34
1 2 3 4 5 6 8 9 14 15 17 18 23 25 26 28 29 33 34
1 3 8 14 20 22 23 24 25 27 29 31 33
11 12 15 18 21 22 25 28 30 31 32 33 34

100 99 -74 57 56 -117 -174 88 87 48 47 -126 -168 94 93 -211 51 50 52 51 -122 46 -137 -128 3 40 39 34 -6 46 45 40 -3
1 2 4 5 10 11 14 15 17 18 20 21 23 26 30 31 32 33 34
1 2 3 4 5 6 10 11 12 14 15 17 18 20 21 22 31 32
1 2 4 5 10 11 13 14 15 16 17 18 23 26 30 33 34
1 2 3 4 5 6 8 9 14 15 17 18 20 21 22 27 28 31 32
1 2 4 5 7 8 9 13 14 15 16 17 18 23 26 29 33 34
1 2 4 5 8 9 14 15 17 18 20 21 23 26 27 28 29 31 32 33 34
1 2 3 8 9 14 15 20 21 22 23 25 27 28 29 31 32 33
1 3 8 14 20 22 23 24 25 27 29 31 33

105 105 -105 105 105 -105 -210 -105 -105 0 0 -210 0 105 105 0 105 105 63 63 -147 -147 168 168 -147 168 168 -147 -42 -147 -147 63 63
1 2 4 5 10 11 13 14 15 16 17 18 20 21 24 25 27 28 30 33 34
1 2 3 4 5 6 10 11 12 14 15 17 18 20 21 22 24 25 27 28
1 2 4 5 13 16 20 21 23 24 25 26 27 28 30 33 34
1 2 3 4 5 6 8 9 14 15 17 18 24 25 27 28
1 2 4 5 7 13 16 23 24 25 26 27 28 29 33 34
1 2 4 5 7 8 9 13 14 15 16 17 18 24 25 27 28 29 33 34
10 11 14 15 17 18 20 21 24 25 27 28 30 31 32 33 34
10 11 12 14 15 17 18 20 21 22 24 25 27 28 31 32

105 105 -1 104 104 -2 -96 -97 -97 -148 -148 -254 72 71 71 71 70 70 55 55 -51 -155 64 64 -146 63 63 -137 22 21 21 31 30
1 2 4 5 10 11 13 14 15 16 17 18 20 21 30 31 32
1 2 3 4 5 6 10 11 12 14 15 17 18 20 21 22 31 32
1 2 3 4 5 6 8 9 14 15 17 18 24 25 27 28
1 2 7 13 20 21 23 24 25 26 29 30 33
1 2 4 5 7 8 9 13 14 15 16 17 18 24 25 27 28 29 33 34
1 2 3 4 5 6 14 15 17 18 20 21 22 24 25 27 28 31 32
1 2 4 5 13 14 15 16 17 18 20 21 24 25 27 28 30 31 32 33 34
1 2 4 5 7 13 16 20 21 24 25 26 27 28 29 30 33 34

106 63 37 105 62 36 -222 -23 -66 -9 -52 -78 -111 88 45 -112 87 44 1 -42 -68 109 -137 40 108 -128 39 -20 -6 -17 -60 91 90
1 2 4 5 10 11 14 15 17 18 20 21 23 26 30 31 32 33 34
1 2 3 4 5 6 10 11 12 14 15 17 18 20 21 22 31 32
1 2 4 5 10 11 13 14 15 16 17 18 23 26 30 33 34
1 2 3 4 5 6 14 15 17 18 20 21 22 23 25 26 28 31 32 33 34
1 3 4 6 8 14 17 20 22 23 25 26 27 28 29 31 33 34
1 2 4 5 7 8 9 13 14 15 16 17 18 23 26 29 33 34
1 2 3 4 5 6 8 9 14 15 17 18 23 25 26 28 29 33 34
1 3 8 14 20 22 23 24 25 27 29 31 33

111 111 -15 111 111 -15 -118 -139 -139 -36 -36 -162 50 29 29 50 29 29 -9 -9 -135 -133 126 126 -133 126 126 -103 -70 -21 -21 65 65
1 2 4 5 10 11 13 16 20 21 24 25 27 28 30 31 32 33 34
1 2 3 4 5 6 10 11 12 20 21 22 24 25 27 28 31 32
1 2 4 5 10 11 13 14 15 16 17 18 24 25 27 28 31 32 33 34
1 2 3 4 5 6 10 11 12 14 15 17 18 24 25 27 28 31 32
1 2 4 5 13 16 20 21 23 24 25 26 27 28 30 33 34
1 2 3 4 5 6 8 9 14 15 17 18 24 25 27 28
1 2 4 5 7 13 16 23 24 25 26 27 28 29 33 34
1 2 4 5 7 8 9 13 14 15 16 17 18 24 25 27 28 29 33 34

115 115 -122 73 73 -164 -197 106 106 64 64 -173 -191 112 112 -233 70 70 69 69 -168 24 -108 -108 -18 60 60 15 -27 66 66 21 -21
1 2 4 5 10 11 14 15 17 18 20 21 23 26 30 31 32 33 34
1 2 3 4 5 6 10 11 12 14 15 17 18 20 21 22 31 32
1 2 4 5 10 11 13 14 15 16 17 18 23 26 30 33 34
1 2 3 4 5 6 8 9 14 15 17 18 20 21 22 27 28 31 32
1 2 4 5 7 8 9 13 14 15 16 17 18 23 26 29 33 34
1 2 4 5 8 9 14 15 17 18 20 21 23 26 27 28 29 31 32 33 34
1 2 8 9 14 15 20 21 23 24 25 27 28 29 31 32 33
1 2 3 8 9 14 15 20 21 22 24 25 27 28 31 32

118 55 54 117 54 53 -18 -229 -82 12 -51 -52 87 -124 23 86 -125 22 -17 -80 -81 -162 127 64 -153 126 63 -9 -48 21 -42 96 95
1 2 4 5 10 11 13 16 20 21 24 25 27 28 30 31 32 33 34
1 2 3 4 5 6 10 11 12 20 21 22 24 25 27 28 31 32
1 2 3 4 5 6 10 11 12 13 15 16 18 24 25 27 28 31 32 33 34
1 3 4 6 10 12 13 14 15 16 17 18 24 27 31 33 34
1 3 4 6 7 8 9 13 14 15 16 17 18 24 27 29 33 34
1 2 3 4 5 6 7 9 13 15 16 18 24 25 27 28 29 33 34
1 2 4 5 7 13 16 20 21 24 25 26 27 28 29 30 33 34
1 2 7 13 20 21 23 24 25 26 29 30 33

118 77 56 118 77 56 -260 -71 -112 -28 -69 -90 -91 98 57 -91 98 57 -21 -62 -83 126 -105 64 126 -105 64 -63 -20 -41 -92 106 106
1 2 3 4 5 6 10 11 12 14 15 17 18 20 21 22 23 25 26 28 30 31 33 34
1 2 4 5 10 11 13 14 15 16 17 18 23 26 30 33 34
1 3 4 6 14 17 20 22 23 24 25 26 27 28 31 33 34
1 3 4 6 8 14 17 23 24 25 26 27 28 29 33 34
1 2 3 4 5 6 8 9 14 15 17 18 23 25 26 28 29 33 34
1 2 4 5 7 8 9 13 14 15 16 17 18 23 26 29 33 34
11 12 15 18 21 22 25 28 30 31 32 33 34

123 123 18 123 123 18 -144 -144 -144 -171 -171 -276 87 87 87 87 87 87 36 36 -69 -126 84 84 -126 84 84 -183 0 0 0 48 48
1 2 4 5 10 11 13 14 15 16 17 18 20 21 30 31 32
1 2 3 4 5 6 10 11 12 14 15 17 18 20 21 22 31 32
1 2 3 4 5 6 8 9 14 15 17 18 24 25 27 28
1 2 4 5 7 8 9 13 14 15 16 17 18 24 25 27 28 29 33 34
1 2 4 5 13 14 15 16 17 18 20 21 24 25 27 28 30 31 32 33 34
1 2 4 5 7 13 16 23 24 25 26 27 28 29 33 34
1 2 4 5 13 16 20 21 23 24 25 26 27 28 30 33 34
1 2 3 4 5 6 14 15 17 18 20 21 22 24 25 27 28 31 32

124 82 55 124 82 55 -269 -71 -113 -32 -74 -101 -95 103 61 -95 103 61 -18 -60 -87 129 -108 60 129 -108 60 -66 -27 -39 -81 108 108
1 2 4 5 10 11 14 15 17 18 20 21 23 26 30 31 32 33 34
1 2 3 4 5 6 10 11 12 14 15 17 18 20 21 22 31 32
1 2 4 5 10 11 13 14 15 16 17 18 23 26 30 33 34
1 3 4 6 8 14 17 23 24 25 26 27 28 29 33 34
1 2 4 5 7 8 9 13 14 15 16 17 18 23 26 29 33 34
1 2 3 4 5 6 14 15 17 18 20 21 22 23 25 26 28 31 32 33 34
1 3 4 6 14 17 20 22 23 24 25 26 27 28 31 33 34
1 2 3 4 5 6 8 9 14 15 17 18 23 25 26 28 29 33 34

136 73 73 136 73 73 -66 -276 -129 -11 -74 -74 102 -108 39 102 -108 39 -36 -99 -99 -133 147 84 -133 147 84 -55 -70 0 -63 113 113
1 2 4 5 10 11 13 16 20 21 24 25 27 28 30 31 32 33 34
1 2 3 4 5 6 10 11 12 20 21 22 24 25 27 28 31 32
1 2 3 4 5 6 10 11 12 13 15 16 18 24 25 27 28 31 32 33 34
1 3 4 6 10 12 13 14 15 16 17 18 24 27 31 33 34
1 2 4 5 13 16 20 21 23 24 25 26 27 28 30 33 34
1 3 4 6 7 8 9 13 14 15 16 17 18 24 27 29 33 34
1 2 4 5 7 13 16 23 24 25 26 27 28 29 33 34
1 2 3 4 5 6 7 9 13 15 16 18 24 25 27 28 29 33 34

