-19 9 9 -19 9 9 -40 -12 -19 9 9 20 20 -12 20 20 -12 -1 -19 9 9 20 20 -12 20 20 -12 -1 -40 -12 -1 -1
1 2 3 4 5 6 10 11 12 13 14 16 17 20 21 22 23 24 26 27
1 2 3 4 5 6 8 9 13 14 16 17 19 23 24 26 27 29
10 11 12 13 14 16 17 20 21 22 23 24 26 27 30 32 33 34
2 3 5 6 9 11 12 13 14 15 16 17 18 19 21 22 23 24 25 26 27 28 29 32 33 34

0 1 1 -1 0 0 0 1 0 1 1 1 1 -8 0 0 1 1 -1 0 0 0 0 1 -1 -1 0 0 0 1 1 0
1 2 3 4 5 6 8 9 10 11 12 13 14 16 17 18 19 20 21 22 23 24 25 26 27 28 29 30 32 33 34
2 3 9 11 12 13 14 15 18 19 25 32 33

23 207 231 23 207 231 -376 -192 -205 -21 3 212 236 -420 212 236 -420 -187 -373 -189 -165 44 68 252 44 68 252 -355 -184 24 257 257
1 2 3 4 5 6 10 11 12 13 14 16 17 20 21 22 23 24 25 26 27 28 30 32 33 34
1 2 3 4 5 6 8 9 13 14 16 17 19 23 24 25 26 27 28 29 33 34
2 3 5 6 9 11 12 13 14 15 16 17 18 19 25 28 32 33 34

27 -37 35 27 -37 35 -8 -72 1 -63 9 34 -34 42 34 -34 42 -1 1 -63 9 34 -34 42 34 -34 42 -1 8 16 -27 -27
1 3 4 6 8 10 12 13 14 15 16 17 18 19 20 22 23 24 25 26 27 28 29 30 32 33 34
1 2 3 4 5 6 10 11 12 13 15 16 18 20 21 22 23 25 26 28 30 32
1 2 3 4 5 6 8 9 13 15 16 18 19 23 25 26 28 29

37 21 21 -11 -27 -27 40 24 37 21 21 -32 -32 -48 -80 40 24 -29 -11 -27 -27 40 -80 24 -8 -8 -24 43 40 24 -29 43
1 2 3 4 5 6 8 9 10 11 12 17 18 20 21 22 23 25 26 27 28 29 30 32 34
1 2 4 5 8 9 10 11 13 16 17 18 19 23 26 29 30 34
1 2 3 8 9 10 11 12 13 14 15 17 18 19 23 25 29 30 32 33 34
1 3 8 10 12 14 17 20 22 23 24 25 27 29 30 32 33 34

107 123 147 107 123 147 -376 -360 -205 -189 -165 128 152 168 128 152 168 -355 -205 -189 -165 128 152 168 128 152 168 -355 -184 -144 173 173
1 2 3 4 5 6 10 11 12 13 14 15 16 17 18 20 21 22 23 24 25 26 27 28 30 32 33 34
1 2 3 4 5 6 8 9 13 14 15 16 17 18 19 23 24 25 26 27 28 29 33 34

307 -93 315 -197 -597 -189 328 -72 211 -189 219 328 -944 336 -176 232 -168 349 211 -189 219 328 -944 336 -176 232 -168 349 232 240 -923 253
1 2 3 4 5 6 8 9 10 11 12 13 15 16 17 18 19 20 21 22 23 25 26 27 28 29 30 32 34
1 3 8 10 12 13 14 15 17 19 20 22 23 24 25 27 29 30 32 33 34

367 -57 399 367 -57 399 136 -288 319 -105 351 -368 88 -336 -368 88 -336 -599 -521 -945 -489 472 -752 504 472 -752 504 241 424 456 193 193
1 2 3 4 5 6 10 11 12 20 21 22 23 25 26 28 30 32
1 3 4 6 8 10 12 14 17 20 22 23 24 25 26 27 28 29 30 32 33 34
1 2 3 4 5 6 8 9 10 11 12 13 14 15 16 17 18 19 23 25 26 28 29 30 32 33 34

-98 -42 -42 -98 -42 -42 -560 -504 -98 -42 -42 280 280 336 280 280 336 -182 -98 -42 -42 280 280 336 280 280 336 -182 -560 -504 -182 -182
1 2 3 4 5 6 10 11 12 13 14 15 16 17 18 20 21 22 23 24 25 26 27 28
1 2 3 4 5 6 8 9 13 14 15 16 17 18 19 23 24 25 26 27 28 29
13 14 15 16 17 18 19 23 24 25 26 27 28 29 33 34
10 11 12 13 14 15 16 17 18 20 21 22 23 24 25 26 27 28 30 32 33 34

-19 10 10 -20 9 9 -40 -11 -19 10 10 21 21 -20 20 20 -11 0 -20 9 9 20 20 -11 19 19 -12 -1 -40 -11 0 -1
1 2 3 4 5 6 10 11 12 13 14 16 17 20 21 22 23 24 26 27
1 2 3 4 5 6 8 9 13 14 16 17 19 23 24 26 27 29
2 3 5 6 9 11 12 13 14 16 17 18 19 21 22 23 24 25 26 27 28 29 32 33 34
10 11 12 13 14 16 17 20 21 22 23 24 26 27 30 32 33 34
2 3 9 11 12 13 14 15 18 19 25 32 33

-1 1 1 -1 1 1 0 2 -1 1 1 0 0 2 0 0 -8 1 -1 1 1 0 0 -8 0 0 2 1 0 2 1 1
1 2 3 4 5 6 8 9 10 11 12 13 14 15 16 17 19 20 21 22 23 24 26 27 28 29 30 32 33 34
5 6 9 11 12 15 16 17 18 19 28 32 34
2 3 9 15 21 22 23 24 25 28 29 32 33

4 216 240 4 216 240 -416 -204 -224 -12 12 232 256 -432 232 256 -432 -188 -392 -180 -156 64 88 240 64 88 240 -356 -224 12 256 256
1 2 3 4 5 6 10 11 12 13 14 16 17 20 21 22 23 24 26 27
1 2 3 4 5 6 8 9 13 14 16 17 19 23 24 26 27 29
10 11 12 13 14 16 17 20 21 22 23 24 26 27 30 32 33 34
2 3 5 6 11 12 13 14 16 17 21 22 23 24 25 26 27 28 32 33 34
2 3 5 6 9 11 12 13 14 15 16 17 18 19 25 28 32 33 34
2 3 5 6 9 13 14 16 17 19 23 24 25 26 27 28 29 33 34

23 208 232 22 207 231 -376 -191 -205 -20 4 213 237 -428 212 236 -419 -186 -374 -189 -165 44 68 253 43 67 252 -355 -184 25 258 257
1 2 3 4 5 6 10 11 12 13 14 16 17 20 21 22 23 24 25 26 27 28 30 32 33 34
1 2 3 4 5 6 8 9 13 14 16 17 19 23 24 25 26 27 28 29 33 34
2 3 9 11 12 13 14 15 18 19 25 32 33
2 3 5 6 9 11 12 13 14 16 17 18 19 25 28 32 33 34

36 21 21 -11 -26 -26 40 25 36 21 21 -33 -33 -48 -80 40 25 -29 -11 -26 -26 40 -80 25 -7 -7 -32 44 40 25 -29 44
1 2 3 4 5 6 8 9 10 11 12 17 18 20 21 22 23 25 26 27 29 30 32 34
1 2 4 5 8 9 10 11 13 16 17 18 19 23 26 29 30 34
1 2 3 8 9 10 11 12 13 14 15 17 18 19 23 25 29 30 32 33 34
1 3 8 10 12 14 17 20 22 23 24 25 27 29 30 32 33 34
5 6 9 18 21 22 25 26 27 28 29 32 34

37 22 22 -12 -27 -27 40 25 37 22 22 -31 -31 -56 -80 40 25 -28 -12 -27 -27 40 -80 25 -9 -9 -24 43 40 25 -28 43
1 2 3 4 5 6 8 9 10 11 12 17 18 20 21 22 23 25 26 27 28 29 30 32 34
1 2 4 5 8 9 10 11 13 16 17 18 19 23 26 29 30 34
1 3 8 10 12 14 17 20 22 23 24 25 27 29 30 32 33 34
1 2 3 8 9 10 11 12 13 14 17 18 19 23 25 29 30 32 33 34
2 3 9 11 12 13 14 15 18 19 25 32 33

88 132 156 88 132 156 -416 -372 -224 -180 -156 148 172 156 148 172 156 -356 -224 -180 -156 148 172 156 148 172 156 -356 -224 -156 172 172
1 2 3 4 5 6 10 11 12 13 14 16 17 20 21 22 23 24 26 27
1 2 3 4 5 6 8 9 13 14 16 17 19 23 24 26 27 29
2 3 5 6 11 12 13 14 15 16 17 18 21 22 23 24 25 26 27 28 32 33 34
2 3 5 6 9 13 14 15 16 17 18 19 23 24 25 26 27 28 29 33 34
10 11 12 13 14 16 17 20 21 22 23 24 26 27 30 32 33 34

108 132 84 108 132 84 -368 -344 -178 -154 -202 94 186 210 94 186 210 -382 -178 -154 -202 94 186 210 94 186 210 -382 -192 -216 172 172
1 2 4 5 10 11 13 14 15 16 17 18 20 21 23 24 25 26 27 28 30 33 34
1 2 3 4 5 6 10 11 12 14 15 17 18 20 21 22 24 25 27 28
1 2 3 4 5 6 8 9 14 15 17 18 24 25 27 28
1 2 4 5 8 9 13 14 15 16 17 18 19 23 24 25 26 27 28 29 33 34
10 11 12 14 15 17 18 20 21 22 24 25 27 28 30 32 33 34

130 330 378 130 330 378 -752 -552 -410 -210 -162 340 388 -252 340 388 -252 -542 -578 -378 -330 172 220 420 172 220 420 -710 -368 -120 430 430
1 2 3 4 5 6 10 11 12 13 14 16 17 20 21 22 23 24 25 26 27 28 30 32 33 34
1 2 3 4 5 6 8 9 13 14 16 17 19 23 24 25 26 27 28 29 33 34
2 3 5 6 11 12 13 14 15 16 17 18 25 28 32 33 34
2 3 5 6 9 13 14 15 16 17 18 19 25 28 33 34

134 86 182 134 86 182 -384 -432 -204 -252 -156 162 118 210 162 118 210 -356 -204 -252 -156 162 118 210 162 118 210 -356 -176 -128 146 146
1 2 3 4 5 6 10 11 12 13 15 16 18 20 21 22 23 25 26 28 30 32
1 3 4 6 10 12 13 14 15 16 17 18 20 22 23 24 25 26 27 28 30 32 33 34
1 3 4 6 8 13 14 15 16 17 18 19 23 24 25 26 27 28 29 33 34
1 2 3 4 5 6 8 9 13 15 16 18 19 23 25 26 28 29

234 426 42 234 426 42 -144 48 -66 126 -258 -900 396 588 -900 396 588 -1278 -402 -210 -594 444 60 -588 444 60 -588 66 144 -48 606 606
1 2 3 4 5 6 10 11 12 14 15 17 18 20 21 22 23 24 26 27 30 32 33 34
1 2 4 5 10 11 13 14 15 16 17 18 23 26 30 33 34
1 2 4 5 8 9 13 14 15 16 17 18 19 23 26 29 33 34
1 2 3 4 5 6 8 9 14 15 17 18 23 24 26 27 29 33 34
2 3 5 6 9 15 18 21 22 23 24 25 26 27 28 29 32 33 34

306 -93 315 -197 -596 -188 328 -71 211 -188 220 328 -944 337 -175 233 -176 350 210 -189 219 327 -945 336 -176 232 -167 349 232 241 -923 254
1 2 3 4 5 6 8 9 10 11 12 13 15 16 17 19 20 21 22 23 25 26 27 28 29 30 32 34
1 3 8 10 12 13 14 15 17 19 20 22 23 24 25 27 29 30 32 33 34
5 6 9 11 12 15 16 17 18 19 28 32 34

318 342 -42 318 342 -42 -144 -120 102 126 -258 -816 480 504 -816 480 504 -1278 -402 -378 -762 360 -24 0 360 -24 0 -102 144 -216 522 522
1 2 3 4 5 6 10 11 12 14 15 17 18 20 21 22 23 24 25 26 27 28 30 32 33 34
1 2 4 5 10 11 13 14 15 16 17 18 23 26 30 33 34
1 2 3 4 5 6 8 9 14 15 17 18 23 24 25 26 27 28 29 33 34
1 2 4 5 8 9 13 14 15 16 17 18 19 23 26 29 33 34

334 -130 350 -170 -634 -154 320 -144 212 -252 228 362 -978 378 -142 198 -126 348 212 -252 228 362 -978 378 -142 198 -126 348 240 256 -950 226
1 3 4 6 8 10 12 13 15 16 17 18 19 20 22 23 25 26 27 28 29 30 32 34
1 2 3 4 5 6 10 11 12 13 15 16 18 20 21 22 23 25 26 28 30 32
1 2 3 4 5 6 8 9 13 15 16 18 19 23 25 26 28 29
1 3 8 10 12 13 14 15 17 19 20 22 23 24 25 27 29 30 32 33 34

344 -72 336 -208 -624 -216 368 -48 248 -168 240 296 -976 288 -256 272 -144 320 200 -216 192 368 -1024 360 -184 224 -192 392 272 264 -952 296
1 2 3 4 5 6 8 9 10 11 12 17 18 20 21 22 23 25 26 27 28 29 30 32 34
1 2 4 5 8 9 10 11 13 16 17 18 19 23 26 29 30 34
1 3 8 10 12 14 17 20 22 23 24 25 27 29 30 32 33 34
1 2 3 8 9 10 11 12 13 15 17 18 19 23 25 29 30 32 34
1 3 8 10 12 13 14 15 17 19 23 25 29 30 32 33 34

367 -56 400 366 -57 399 136 -287 319 -104 352 -367 89 -344 -368 88 -335 -598 -522 -945 -489 472 -752 505 471 -753 504 241 424 457 194 193
1 2 3 4 5 6 10 11 12 20 21 22 23 25 26 28 30 32
1 3 4 6 8 10 12 14 17 20 22 23 24 25 26 27 28 29 30 32 33 34
1 2 3 4 5 6 8 9 10 11 12 13 14 16 17 18 19 23 25 26 28 29 30 32 33 34
2 3 9 11 12 13 14 15 18 19 25 32 33

390 150 630 390 150 630 -240 -480 114 -126 354 -156 324 -756 -156 324 -756 -786 -894 -1134 -654 516 -684 756 516 -684 756 -114 240 480 450 450
1 2 3 4 5 6 10 11 12 20 21 22 23 25 26 28 30 32
1 3 4 6 10 12 14 17 20 22 23 24 25 26 27 28 30 32 33 34
1 2 3 4 5 6 10 11 12 13 14 16 17 23 25 26 28 30 32 33 34
1 3 4 6 8 14 17 23 24 25 26 27 28 29 33 34
1 2 3 4 5 6 8 9 13 14 16 17 19 23 25 26 28 29 33 34
2 3 5 6 9 11 12 13 14 15 16 17 18 19 25 28 32 33 34

394 -94 434 394 -94 434 128 -360 320 -168 360 -334 54 -294 -334 54 -294 -600 -520 -1008 -480 506 -786 546 506 -786 546 240 432 472 166 166
1 2 3 4 5 6 10 11 12 20 21 22 23 25 26 28 30 32
1 3 4 6 8 10 12 14 17 20 22 23 24 25 26 27 28 29 30 32 33 34
1 2 3 4 5 6 10 11 12 13 15 16 18 23 25 26 28 30 32
1 3 4 6 8 10 12 13 14 15 16 17 18 19 23 25 26 28 29 30 32 33 34
1 2 3 4 5 6 8 9 13 15 16 18 19 23 25 26 28 29

404 -36 420 356 -84 372 176 -264 356 -84 372 -400 56 -384 -448 128 -312 -628 -532 -972 -516 512 -832 528 464 -760 480 284 464 480 164 236
1 2 3 4 5 6 10 11 12 20 21 22 23 25 26 28 30 32
1 3 4 6 8 10 12 17 20 22 23 25 26 27 28 29 30 32 34
1 2 4 5 8 9 10 11 13 16 17 18 19 23 26 29 30 34
1 2 3 4 5 6 8 9 10 11 12 17 18 23 25 26 28 29 30 32 34
1 2 3 8 9 10 11 12 13 14 15 17 18 19 23 25 29 30 32 33 34
1 3 8 10 12 14 17 20 22 23 24 25 27 29 30 32 33 34

474 66 546 474 66 546 -240 -648 114 -294 186 -240 240 -168 -240 240 -168 -954 -726 -1134 -654 600 -600 672 600 -600 672 -114 240 312 366 366
1 2 3 4 5 6 10 11 12 20 21 22 23 25 26 28 30 32
1 3 4 6 10 12 14 17 20 22 23 24 25 26 27 28 30 32 33 34
1 2 3 4 5 6 10 11 12 13 14 15 16 17 18 23 25 26 28 30 32 33 34
1 2 3 4 5 6 8 9 13 14 15 16 17 18 19 23 25 26 28 29 33 34
1 3 4 6 8 14 17 23 24 25 26 27 28 29 33 34

626 258 210 -718 -1086 -1134 752 384 578 210 162 416 -1312 0 -928 704 336 542 578 210 162 416 -1312 0 -928 704 336 542 368 -48 -1522 494
1 2 4 5 8 9 10 11 13 16 17 18 19 20 21 23 26 27 28 29 30 34
1 2 3 4 5 6 8 9 10 11 12 17 18 20 21 22 27 28
1 2 3 8 9 10 11 12 13 15 17 18 19 20 21 22 23 25 27 28 29 30 32 34
1 3 8 10 12 13 14 15 17 19 20 22 23 24 25 27 29 30 32 33 34

674 -150 714 170 -654 210 464 -360 530 -294 570 -40 -856 0 -544 320 -504 -250 -310 -1134 -270 800 -1696 840 296 -520 336 590 656 696 -730 446
1 2 3 4 5 6 10 11 12 20 21 22 23 25 26 28 30 32
1 3 4 6 8 10 12 17 20 22 23 25 26 27 28 29 30 32 34
1 2 3 4 5 6 8 9 10 11 12 13 15 16 17 18 19 23 25 26 28 29 30 32 34
1 3 8 10 12 13 14 15 17 19 23 25 29 30 32 33 34
1 3 8 10 12 14 17 20 22 23 24 25 27 29 30 32 33 34

-117 -33 -33 -117 -33 -33 -600 -516 -117 -33 -33 300 300 324 300 300 324 -183 -117 -33 -33 300 300 324 300 300 324 -183 -600 -516 -183 -183
1 2 3 4 5 6 10 11 12 13 14 16 17 20 21 22 23 24 26 27
1 2 3 4 5 6 8 9 13 14 16 17 19 23 24 26 27 29
11 12 13 14 15 16 17 18 21 22 23 24 25 26 27 28 32 33 34
13 14 15 16 17 18 19 23 24 25 26 27 28 29 33 34
10 11 12 13 14 16 17 20 21 22 23 24 26 27 30 32 33 34
2 3 5 6 11 12 13 14 15 16 17 18 21 22 23 24 25 26 27 28
2 3 5 6 9 13 14 15 16 17 18 19 23 24 25 26 27 28 29

-71 -79 -7 -71 -79 -7 -568 -576 -97 -105 -33 314 246 378 314 246 378 -183 -97 -105 -33 314 246 378 314 246 378 -183 -552 -488 -209 -209
1 2 3 4 5 6 10 11 12 13 15 16 18 20 21 22 23 25 26 28
1 3 4 6 10 12 13 14 15 16 17 18 20 22 23 24 25 26 27 28
1 2 3 4 5 6 8 9 13 15 16 18 19 23 25 26 28 29
1 3 4 6 8 13 14 15 16 17 18 19 23 24 25 26 27 28 29
10 12 13 14 15 16 17 18 20 22 23 24 25 26 27 28 30 32 33 34
13 14 15 16 17 18 19 23 24 25 26 27 28 29 33 34
10 11 12 13 15 16 18 20 21 22 23 25 26 28 30 32

-20 10 10 -20 10 10 -40 -10 -20 10 10 20 20 -10 20 20 -20 0 -20 10 10 20 20 -20 20 20 -10 0 -40 -10 0 0
1 2 3 4 5 6 10 11 12 13 14 16 17 20 21 22 23 24 26 27
1 2 3 4 5 6 8 9 13 14 16 17 19 23 24 26 27 29
2 3 9 15 21 22 23 24 25 28 29 32 33
5 6 9 11 12 15 16 17 18 19 28 32 34
10 11 12 13 14 16 17 20 21 22 23 24 26 27 30 32 33 34
2 3 5 6 9 11 12 13 14 15 16 17 19 21 22 23 24 26 27 28 29 32 33 34

4 217 241 3 216 240 -416 -203 -224 -11 13 233 257 -440 232 256 -431 -187 -393 -180 -156 64 88 241 63 87 240 -356 -224 13 257 256
1 2 3 4 5 6 10 11 12 13 14 16 17 20 21 22 23 24 26 27
1 2 3 4 5 6 8 9 13 14 16 17 19 23 24 26 27 29
2 3 5 6 9 11 12 13 14 16 17 18 19 25 28 32 33 34
2 3 5 6 11 12 13 14 16 17 21 22 23 24 25 26 27 28 32 33 34
2 3 9 11 12 13 14 15 18 19 25 32 33
10 11 12 13 14 16 17 20 21 22 23 24 26 27 30 32 33 34
2 3 5 6 9 13 14 16 17 19 23 24 25 26 27 28 29 33 34

36 22 22 -12 -26 -26 40 26 36 22 22 -32 -32 -56 -80 40 26 -28 -12 -26 -26 40 -80 26 -8 -8 -32 44 40 26 -28 44
1 2 3 4 5 6 8 9 10 11 12 17 18 20 21 22 23 25 26 27 29 30 32 34
1 2 4 5 8 9 10 11 13 16 17 18 19 23 26 29 30 34
1 2 3 8 9 10 11 12 13 14 17 18 19 23 25 29 30 32 33 34
1 3 8 10 12 14 17 20 22 23 24 25 27 29 30 32 33 34
5 6 9 18 21 22 25 26 27 28 29 32 34
2 3 9 11 12 13 14 15 18 19 25 32 33

111 339 387 111 339 387 -792 -564 -429 -201 -153 360 408 -264 360 408 -264 -543 -597 -369 -321 192 240 408 192 240 408 -711 -408 -132 429 429
1 2 3 4 5 6 10 11 12 13 14 16 17 20 21 22 23 24 26 27
1 2 3 4 5 6 8 9 13 14 16 17 19 23 24 26 27 29
10 11 12 13 14 16 17 20 21 22 23 24 26 27 30 32 33 34
2 3 5 6 11 12 13 14 15 16 17 18 25 28 32 33 34
2 3 5 6 11 12 13 14 16 17 21 22 23 24 25 26 27 28 32 33 34
2 3 5 6 9 13 14 15 16 17 18 19 25 28 33 34
2 3 5 6 9 13 14 16 17 19 23 24 25 26 27 28 29 33 34

234 427 43 233 426 42 -144 49 -67 126 -258 -900 396 589 -901 395 588 -1278 -402 -209 -593 445 61 -596 444 60 -587 67 144 -47 607 606
1 2 3 4 5 6 10 11 12 14 15 17 18 20 21 22 23 24 26 27 30 32 33 34
1 2 4 5 10 11 13 14 15 16 17 18 23 26 30 33 34
1 2 4 5 8 9 13 14 15 16 17 18 19 23 26 29 33 34
1 2 3 4 5 6 8 9 14 15 17 18 23 24 26 27 29 33 34
2 3 5 6 9 15 18 21 22 23 24 26 27 28 29 32 33 34
2 3 9 15 21 22 23 24 25 28 29 32 33

319 351 -105 319 351 -105 -136 -104 129 161 -295 -850 514 546 -850 514 546 -1305 -375 -343 -799 326 10 42 326 10 42 -129 136 -288 521 521
1 2 4 5 10 11 14 15 17 18 20 21 23 24 25 26 27 28 30 33 34
1 2 3 4 5 6 10 11 12 14 15 17 18 20 21 22 24 25 27 28
1 2 4 5 10 11 13 14 15 16 17 18 23 26 30 33 34
1 2 3 4 5 6 8 9 14 15 17 18 24 25 27 28
1 2 4 5 8 9 13 14 15 16 17 18 19 23 26 29 33 34
1 2 4 5 8 9 14 15 17 18 23 24 25 26 27 28 29 33 34
10 11 12 14 15 17 18 20 21 22 24 25 27 28 30 32 33 34

341 549 189 341 549 189 -520 -312 -271 -63 -423 -772 548 756 -772 548 756 -1633 -607 -399 -759 572 212 -420 572 212 -420 -289 -40 -192 779 779
1 2 3 4 5 6 10 11 12 14 15 17 18 20 21 22 23 24 26 27 30 32 33 34
1 2 4 5 10 11 13 14 15 16 17 18 23 26 30 33 34
1 2 4 5 8 9 13 14 15 16 17 18 19 23 26 29 33 34
1 2 3 4 5 6 8 9 14 15 17 18 23 24 26 27 29 33 34
2 3 5 6 15 18 21 22 23 24 25 26 27 28 32 33 34
2 3 5 6 9 15 18 23 24 25 26 27 28 29 33 34

343 -72 336 -208 -623 -215 368 -47 247 -168 240 295 -977 288 -256 272 -143 320 200 -215 193 368 -1024 361 -183 225 -200 393 272 265 -952 297
1 2 3 4 5 6 8 9 10 11 12 17 18 20 21 22 23 25 26 27 29 30 32 34
1 2 4 5 8 9 10 11 13 16 17 18 19 23 26 29 30 34
1 2 3 8 9 10 11 12 13 15 17 18 19 23 25 29 30 32 34
1 3 8 10 12 14 17 20 22 23 24 25 27 29 30 32 33 34
1 3 8 10 12 13 14 15 17 19 23 25 29 30 32 33 34
5 6 9 18 21 22 25 26 27 28 29 32 34

390 151 631 389 150 630 -240 -479 114 -125 355 -155 325 -764 -156 324 -755 -785 -895 -1134 -654 516 -684 757 515 -685 756 -114 240 481 451 450
1 2 3 4 5 6 10 11 12 20 21 22 23 25 26 28 30 32
1 3 4 6 10 12 14 17 20 22 23 24 25 26 27 28 30 32 33 34
1 2 3 4 5 6 10 11 12 13 14 16 17 23 25 26 28 30 32 33 34
1 2 3 4 5 6 8 9 13 14 16 17 19 23 25 26 28 29 33 34
1 3 4 6 8 14 17 23 24 25 26 27 28 29 33 34
2 3 5 6 9 11 12 13 14 16 17 18 19 25 28 32 33 34
2 3 9 11 12 13 14 15 18 19 25 32 33

404 -35 421 355 -84 372 176 -263 356 -83 373 -399 57 -392 -448 128 -311 -627 -533 -972 -516 512 -832 529 463 -761 480 284 464 481 165 236
1 2 3 4 5 6 10 11 12 20 21 22 23 25 26 28 30 32
1 3 4 6 8 10 12 17 20 22 23 25 26 27 28 29 30 32 34
1 2 3 4 5 6 8 9 10 11 12 17 18 23 25 26 28 29 30 32 34
1 2 4 5 8 9 10 11 13 16 17 18 19 23 26 29 30 34
1 2 3 8 9 10 11 12 13 14 17 18 19 23 25 29 30 32 33 34
1 3 8 10 12 14 17 20 22 23 24 25 27 29 30 32 33 34
2 3 9 11 12 13 14 15 18 19 25 32 33

497 273 777 497 273 777 -616 -840 -91 -315 189 -28 476 -588 -28 476 -588 -1141 -1099 -1323 -819 644 -532 924 644 -532 924 -469 56 336 623 623
1 2 3 4 5 6 10 11 12 20 21 22 23 25 26 28 30 32
1 3 4 6 10 12 14 17 20 22 23 24 25 26 27 28 30 32 33 34
1 2 3 4 5 6 10 11 12 13 14 16 17 23 25 26 28 30 32 33 34
1 3 4 6 8 14 17 23 24 25 26 27 28 29 33 34
1 2 3 4 5 6 8 9 13 14 16 17 19 23 25 26 28 29 33 34
2 3 5 6 11 12 13 14 15 16 17 18 25 28 32 33 34
2 3 5 6 9 13 14 15 16 17 18 19 25 28 33 34

501 29 581 501 29 581 -248 -720 115 -357 195 -206 206 -126 -206 206 -126 -955 -725 -1197 -645 634 -634 714 634 -634 714 -115 248 328 339 339
1 2 3 4 5 6 10 11 12 20 21 22 23 25 26 28 30 32
1 3 4 6 10 12 14 17 20 22 23 24 25 26 27 28 30 32 33 34
1 3 4 6 10 12 13 14 15 16 17 18 23 25 26 28 30 32 33 34
1 2 3 4 5 6 10 11 12 13 15 16 18 23 25 26 28 30 32
1 3 4 6 8 14 17 23 24 25 26 27 28 29 33 34
1 2 3 4 5 6 8 9 13 15 16 18 19 23 25 26 28 29
1 3 4 6 8 13 14 15 16 17 18 19 23 25 26 28 29 33 34

663 279 231 -729 -1113 -1161 792 408 615 231 183 384 -1344 -48 -1008 744 360 513 567 183 135 456 -1392 24 -936 696 312 585 408 -24 -1551 537
1 2 4 5 8 9 10 11 17 18 20 21 23 26 27 28 29 30 34
1 2 3 4 5 6 8 9 10 11 12 17 18 20 21 22 27 28
1 2 4 5 8 9 10 11 13 16 17 18 19 23 26 29 30 34
1 2 3 8 9 10 11 12 17 18 20 21 22 23 25 27 28 29 30 32 34
1 3 8 10 12 14 17 20 22 23 24 25 27 29 30 32 33 34
1 2 3 8 9 10 11 12 13 15 17 18 19 23 25 29 30 32 34
1 3 8 10 12 13 14 15 17 19 23 25 29 30 32 33 34

673 -150 714 170 -653 211 464 -359 530 -293 571 -40 -856 1 -543 321 -512 -249 -311 -1134 -270 799 -1697 840 296 -520 337 590 656 697 -730 447
1 2 3 4 5 6 10 11 12 20 21 22 23 25 26 28 30 32
1 3 4 6 8 10 12 17 20 22 23 25 26 27 28 29 30 32 34
1 2 3 4 5 6 8 9 10 11 12 13 15 16 17 19 23 25 26 28 29 30 32 34
1 3 8 10 12 14 17 20 22 23 24 25 27 29 30 32 33 34
1 3 8 10 12 13 14 15 17 19 23 25 29 30 32 33 34
5 6 9 11 12 15 16 17 18 19 28 32 34

685 285 357 685 285 357 -8 -408 421 21 93 -1184 568 168 -1184 568 168 -1877 -923 -1323 -1251 832 -776 504 832 -776 504 139 568 240 715 715
1 2 3 4 5 6 10 11 12 20 21 22 23 25 26 28 30 32
1 3 4 6 10 12 14 17 20 22 23 24 25 26 27 28 30 32 33 34
1 2 4 5 10 11 13 14 15 16 17 18 23 26 30 33 34
1 2 3 4 5 6 10 11 12 14 15 17 18 23 25 26 28 30 32 33 34
1 2 4 5 8 9 13 14 15 16 17 18 19 23 26 29 33 34
1 3 4 6 8 14 17 23 24 25 26 27 28 29 33 34
1 2 3 4 5 6 8 9 14 15 17 18 23 25 26 28 29 33 34

701 -187 749 197 -691 245 456 -432 531 -357 579 -6 -890 42 -510 286 -462 -251 -309 -1197 -261 834 -1730 882 330 -554 378 589 664 712 -757 419
1 2 3 4 5 6 10 11 12 20 21 22 23 25 26 28 30 32
1 3 4 6 8 10 12 17 20 22 23 25 26 27 28 29 30 32 34
1 2 3 4 5 6 10 11 12 13 15 16 18 23 25 26 28 30 32
1 3 4 6 8 10 12 13 15 16 17 18 19 23 25 26 28 29 30 32 34
1 2 3 4 5 6 8 9 13 15 16 18 19 23 25 26 28 29
1 3 8 10 12 13 14 15 17 19 23 25 29 30 32 33 34
1 3 8 10 12 14 17 20 22 23 24 25 27 29 30 32 33 34

711 -129 735 159 -681 183 504 -336 567 -273 591 -72 -888 -48 -624 360 -480 -279 -321 -1161 -297 840 -1776 864 288 -528 312 633 696 720 -759 489
1 2 3 4 5 6 10 11 12 20 21 22 23 25 26 28 30 32
1 3 4 6 8 10 12 17 20 22 23 25 26 27 28 29 30 32 34
1 2 4 5 8 9 10 11 13 16 17 18 19 23 26 29 30 34
1 2 3 4 5 6 8 9 10 11 12 17 18 23 25 26 28 29 30 32 34
1 2 3 8 9 10 11 12 13 15 17 18 19 23 25 29 30 32 34
1 3 8 10 12 14 17 20 22 23 24 25 27 29 30 32 33 34
1 3 8 10 12 13 14 15 17 19 23 25 29 30 32 33 34

