1 0 1 0 -1 0 1 0 1 0 1 1 -8 1 0 1 0 1 0 -1 0 0 1 0 -1 0 -1 0 1 0 1 0
1 2 3 4 5 6 8 9 10 11 12 13 15 16 17 18 19 20 21 22 23 24 25 26 27 28 29 31 32 33 34
1 3 8 10 12 13 14 15 17 19 24 31 33

5 5 8 5 5 8 -17 -17 -10 -10 -7 5 8 8 5 8 8 -17 -10 -10 -7 5 8 8 5 8 8 -17 -7 -7 8 8
1 2 3 4 5 6 10 11 12 13 14 15 16 17 18 20 21 22 23 24 25 26 27 28 31 32 33 34
1 2 3 4 5 6 8 9 13 14 15 16 17 18 19 23 24 25 26 27 28 29 33 34

5 5 16 5 5 16 -9 -9 -10 -10 1 5 16 -24 5 16 -24 -9 -10 -10 1 5 -24 16 5 -24 16 -9 1 1 16 16
1 2 3 4 5 6 10 11 12 13 14 16 17 20 21 22 23 25 26 28 31 32 33 34
1 3 4 6 8 14 17 20 22 23 24 25 26 27 28 29 31 33 34
1 2 3 4 5 6 8 9 13 14 16 17 19 23 25 26 28 29 33 34
2 3 5 6 9 11 12 13 14 15 16 17 18 19 25 28 32 33 34

9 9 -9 1 1 -17 12 12 9 9 -9 -2 -20 -20 -10 12 12 1 1 1 -17 -10 12 12 -18 4 4 -7 12 12 1 -7
1 2 4 5 8 9 10 11 13 16 17 18 19 20 21 23 24 25 26 27 28 29 31 32 33 34
1 2 3 4 5 6 8 9 10 11 12 17 18 20 21 22 24 25 27 28 31 32
1 2 3 8 9 10 11 12 13 14 15 17 18 19 24 25 31 32 33

10 10 -1 10 10 -1 -1 -1 3 3 -8 3 -8 -8 3 -8 -8 -8 -13 -13 -24 -13 16 16 -13 16 16 -24 9 9 9 9
1 2 4 5 10 11 13 16 20 21 23 24 25 26 27 28 31 32 33 34
1 2 3 4 5 6 10 11 12 20 21 22 24 25 27 28 31 32
1 2 3 4 5 6 8 9 10 11 12 13 14 15 16 17 18 19 24 25 27 28 31 32 33 34
1 2 4 5 8 9 13 16 19 23 24 25 26 27 28 29 33 34

0 0 1 0 0 1 1 1 0 0 1 0 1 1 0 1 -9 1 0 0 1 0 -9 1 0 1 1 1 1 1 1 1
1 2 3 4 5 6 8 9 10 11 12 13 14 15 16 17 19 20 21 22 23 25 26 27 28 29 31 32 33 34
1 3 8 14 20 22 23 24 25 27 29 31 33
5 6 9 11 12 15 16 17 18 19 28 32 34

1 1 2 -1 -1 0 1 1 0 0 1 1 2 -8 -1 0 0 1 0 0 1 1 -8 2 -1 0 0 1 1 1 2 0
1 2 3 4 5 6 8 9 10 11 12 13 14 16 17 18 19 20 21 22 23 25 26 27 28 29 31 32 33 34
1 3 8 14 20 22 23 24 25 27 29 31 33
2 3 9 11 12 13 14 15 18 19 25 32 33

6 5 17 5 4 16 -8 -9 -9 -10 2 6 -32 17 5 -23 16 -8 -10 -11 1 5 17 -24 4 16 -25 -9 2 1 17 16
1 2 3 4 5 6 10 11 12 13 15 16 18 20 21 22 23 24 26 27 31 32 33 34
1 3 4 6 8 10 12 13 15 16 17 18 19 24 27 31 33 34
1 3 8 10 12 13 14 15 17 19 24 31 33
1 2 3 4 5 6 8 9 13 15 16 18 19 23 24 26 27 29 33 34
2 3 5 6 9 15 18 21 22 23 24 25 26 27 28 29 32 33 34

10 9 -8 1 0 -17 13 12 10 9 -8 -1 -28 -19 -10 13 12 2 1 0 -17 -10 13 12 -19 4 3 -7 13 12 2 -7
1 2 4 5 8 9 10 11 13 16 17 18 19 20 21 23 24 25 26 27 28 29 31 32 33 34
1 2 3 4 5 6 8 9 10 11 12 17 18 20 21 22 24 25 27 28 31 32
1 3 8 10 12 13 14 15 17 19 24 31 33
1 2 3 8 9 10 11 12 13 15 17 18 19 24 25 31 32 33

10 10 -9 10 10 -9 -9 -9 -5 -5 -24 -5 16 16 -5 16 16 -24 -5 -5 -24 -5 16 16 -5 16 16 -24 1 1 1 1
1 2 4 5 10 11 13 14 15 16 17 18 20 21 23 24 25 26 27 28 31 32 33 34
1 2 3 4 5 6 10 11 12 14 15 17 18 20 21 22 24 25 27 28 31 32
1 2 3 4 5 6 8 9 14 15 17 18 24 25 27 28
1 2 4 5 8 9 13 14 15 16 17 18 19 23 24 25 26 27 28 29 33 34

10 10 24 10 10 24 -26 -26 -20 -20 -6 10 24 -16 10 24 -16 -26 -20 -20 -6 10 -16 24 10 -16 24 -26 -6 -6 24 24
1 2 3 4 5 6 10 11 12 13 14 16 17 20 21 22 23 25 26 28 31 32 33 34
1 2 3 4 5 6 8 9 13 14 16 17 19 23 25 26 28 29 33 34
1 3 4 6 8 14 17 23 24 25 26 27 28 29 33 34
1 3 4 6 14 17 20 22 23 24 25 26 27 28 31 33 34
2 3 5 6 11 12 13 14 15 16 17 18 25 28 32 33 34
2 3 5 6 9 13 14 15 16 17 18 19 25 28 33 34

11 10 0 10 9 -1 0 -1 4 3 -7 4 -16 -7 3 -7 -8 -7 -13 -14 -24 -13 17 16 -14 16 15 -24 10 9 10 9
1 2 4 5 10 11 13 16 20 21 23 24 25 26 27 28 31 32 33 34
1 2 3 4 5 6 10 11 12 20 21 22 24 25 27 28 31 32
1 2 3 4 5 6 8 9 10 11 12 13 15 16 17 18 19 24 25 27 28 31 32 33 34
1 2 4 5 8 9 13 16 19 23 24 25 26 27 28 29 33 34
1 3 8 10 12 13 14 15 17 19 24 31 33

14 14 -26 6 6 -34 20 20 14 14 -26 -12 -12 -12 -20 20 20 -6 6 6 -34 -20 20 20 -28 12 12 -14 20 20 -6 -14
1 2 4 5 8 9 10 11 13 16 17 18 19 20 21 23 24 25 26 27 28 29 31 32 33 34
1 2 3 4 5 6 8 9 10 11 12 17 18 20 21 22 24 25 27 28 31 32
1 2 8 9 10 11 13 14 15 17 18 19 24 25 31 32 33
1 2 3 8 9 10 11 12 14 15 17 18 24 25 31 32

14 14 -18 6 6 -26 28 28 14 14 -18 -12 -44 -44 -20 28 28 2 6 6 -26 -20 28 28 -28 -20 -20 -6 28 28 2 -6
1 2 4 5 8 9 10 11 13 16 17 18 19 20 21 23 24 25 26 29 31 32 33 34
1 2 3 4 5 6 8 9 10 11 12 17 18 20 21 22 24 25 31 32
1 2 3 8 9 10 11 12 13 14 15 17 18 19 24 25 31 32 33
4 5 6 8 9 17 18 20 21 22 24 25 27 28 31 32
4 5 8 9 17 18 20 21 24 25 26 27 28 29 31 32 34

15 15 7 15 15 7 -18 -18 -7 -7 -15 8 0 0 8 0 0 -25 -23 -23 -31 -8 24 24 -8 24 24 -41 2 2 17 17
1 2 4 5 10 11 13 16 20 21 23 24 25 26 27 28 31 32 33 34
1 2 3 4 5 6 10 11 12 20 21 22 24 25 27 28 31 32
1 2 3 4 5 6 10 11 12 13 14 15 16 17 18 24 25 27 28 31 32 33 34
1 2 3 4 5 6 8 9 13 14 15 16 17 18 19 24 25 27 28 33 34
1 2 4 5 8 9 13 16 19 23 24 25 26 27 28 29 33 34

19 19 -10 11 11 -18 11 11 12 12 -17 1 -28 -28 -7 4 4 -7 -12 -12 -41 -23 28 28 -31 20 20 -31 21 21 10 2
1 2 4 5 10 11 13 16 20 21 23 24 25 26 27 28 31 32 33 34
1 2 3 4 5 6 10 11 12 20 21 22 24 25 27 28 31 32
1 2 3 4 5 6 8 9 10 11 12 17 18 24 25 27 28 31 32
1 2 4 5 8 9 10 11 13 16 17 18 19 24 25 27 28 31 32 33 34
1 2 4 5 8 9 13 16 19 23 24 25 26 27 28 29 33 34
1 2 3 8 9 10 11 12 13 14 15 17 18 19 24 25 31 32 33

0 0 -16 0 0 -16 -16 -16 0 0 -16 0 24 24 0 24 24 -16 0 0 -16 0 24 24 0 24 24 -16 -16 -16 -16 -16
1 2 3 4 5 6 10 11 12 14 15 17 18 20 21 22 24 25 27 28
1 2 4 5 10 11 13 14 15 16 17 18 20 21 23 24 25 26 27 28
1 2 4 5 8 9 13 14 15 16 17 18 19 23 24 25 26 27 28 29
1 2 3 4 5 6 8 9 14 15 17 18 24 25 27 28
10 11 12 14 15 17 18 20 21 22 24 25 27 28 31 32
10 11 13 14 15 16 17 18 20 21 23 24 25 26 27 28 31 32 33 34
13 14 15 16 17 18 19 23 24 25 26 27 28 29 33 34

1 0 2 0 -1 1 2 1 1 0 2 1 3 -8 0 -8 1 2 0 -1 1 0 -8 1 -1 1 0 1 2 1 2 1
1 2 3 4 5 6 8 9 10 11 12 13 14 16 18 19 20 21 22 23 25 26 27 28 29 31 32 33 34
1 3 8 14 20 22 23 24 25 27 29 31 33
4 6 8 10 12 14 16 17 18 19 27 31 34
2 3 9 11 12 13 14 15 18 19 25 32 33

5 5 17 5 5 17 -8 -8 -10 -10 2 5 17 -23 5 17 -33 -8 -10 -10 2 5 -33 17 5 -23 17 -8 2 2 17 17
1 2 3 4 5 6 10 11 12 13 14 16 17 20 21 22 23 25 26 28 31 32 33 34
1 2 3 4 5 6 8 9 13 14 16 17 19 23 25 26 28 29 33 34
1 3 4 6 8 14 17 20 22 23 25 26 27 28 29 31 33 34
1 3 8 14 20 22 23 24 25 27 29 31 33
2 3 5 6 9 11 12 13 14 15 16 17 19 25 28 32 33 34
5 6 9 11 12 15 16 17 18 19 28 32 34

6 6 18 4 4 16 -8 -8 -10 -10 2 6 18 -32 4 16 -24 -8 -10 -10 2 6 -32 18 4 -24 16 -8 2 2 18 16
1 2 3 4 5 6 10 11 12 13 14 16 17 20 21 22 23 25 26 28 31 32 33 34
1 2 3 4 5 6 8 9 13 14 16 17 19 23 25 26 28 29 33 34
1 3 4 6 8 14 17 20 22 23 25 26 27 28 29 31 33 34
1 3 8 14 20 22 23 24 25 27 29 31 33
2 3 9 11 12 13 14 15 18 19 25 32 33
2 3 5 6 9 11 12 13 14 16 17 18 19 25 28 32 33 34

10 10 0 10 10 0 0 0 4 4 -6 4 -6 -16 4 -16 -6 -6 -14 -14 -24 -14 16 16 -14 16 16 -24 10 10 10 10
1 2 4 5 10 11 13 16 20 21 23 24 25 26 27 28 31 32 33 34
1 2 3 4 5 6 10 11 12 20 21 22 24 25 27 28 31 32
1 2 3 4 5 6 8 9 10 11 12 13 14 16 18 19 24 25 27 28 31 32 33 34
1 2 4 5 8 9 13 16 19 23 24 25 26 27 28 29 33 34
4 6 8 10 12 14 16 17 18 19 27 31 34
2 3 9 11 12 13 14 15 18 19 25 32 33

15 14 -17 6 5 -26 29 28 15 14 -17 -11 -52 -43 -20 29 28 3 6 5 -26 -20 29 28 -29 -20 -21 -6 29 28 3 -6
1 2 4 5 8 9 10 11 13 16 17 18 19 20 21 23 24 25 26 29 31 32 33 34
1 2 3 4 5 6 8 9 10 11 12 17 18 20 21 22 24 25 31 32
1 3 8 10 12 13 14 15 17 19 24 31 33
1 2 3 8 9 10 11 12 13 15 17 18 19 24 25 31 32 33
4 5 6 8 9 17 18 20 21 22 24 25 27 28 31 32
4 5 8 9 17 18 20 21 24 25 26 27 28 29 31 32 34

15 15 32 15 15 32 -43 -43 -30 -30 -13 15 32 -8 15 32 -8 -43 -30 -30 -13 15 -8 32 15 -8 32 -43 -13 -13 32 32
1 2 3 4 5 6 10 11 12 13 14 16 17 20 21 22 23 25 26 28 31 32 33 34
1 2 3 4 5 6 8 9 13 14 16 17 19 23 25 26 28 29 33 34
1 3 4 6 14 17 20 22 23 24 25 26 27 28 31 33 34
1 3 4 6 8 14 17 23 24 25 26 27 28 29 33 34
2 3 5 6 11 12 13 14 15 16 17 18 25 28 32 33 34
2 3 5 6 9 13 14 15 16 17 18 19 25 28 33 34

15 15 40 15 15 40 -35 -35 -30 -30 -5 15 40 -40 15 40 -40 -35 -30 -30 -5 15 -40 40 15 -40 40 -35 -5 -5 40 40
1 2 3 4 5 6 10 11 12 13 14 16 17 20 21 22 23 25 26 28 31 32 33 34
1 2 3 4 5 6 8 9 13 14 16 17 19 23 25 26 28 29 33 34
1 3 4 6 8 14 17 23 24 25 26 27 28 29 33 34
1 3 4 6 14 17 20 22 23 24 25 26 27 28 31 33 34
2 3 5 6 11 12 13 14 15 16 17 18 25 28 32 33 34
2 3 5 6 9 13 14 15 16 17 18 19 25 28 33 34

20 19 -9 11 10 -18 12 11 13 12 -16 2 -36 -27 -7 5 4 -6 -12 -13 -41 -23 29 28 -32 20 19 -31 22 21 11 2
1 2 4 5 10 11 13 16 20 21 23 24 25 26 27 28 31 32 33 34
1 2 3 4 5 6 10 11 12 20 21 22 24 25 27 28 31 32
1 2 3 4 5 6 8 9 10 11 12 17 18 24 25 27 28 31 32
1 2 4 5 8 9 10 11 13 16 17 18 19 24 25 27 28 31 32 33 34
1 2 4 5 8 9 13 16 19 23 24 25 26 27 28 29 33 34
1 3 8 10 12 13 14 15 17 19 24 31 33
1 2 3 8 9 10 11 12 13 15 17 18 19 24 25 31 32 33

20 20 -10 20 20 -10 -10 -10 -2 -2 -32 -2 8 8 -2 8 8 -32 -18 -18 -48 -18 32 32 -18 32 32 -48 10 10 10 10
1 2 4 5 10 11 13 16 20 21 23 24 25 26 27 28 31 32 33 34
1 2 3 4 5 6 10 11 12 20 21 22 24 25 27 28 31 32
1 2 3 4 5 6 10 11 12 14 15 17 18 24 25 27 28 31 32
1 2 4 5 10 11 13 14 15 16 17 18 24 25 27 28 31 32 33 34
1 2 4 5 8 9 13 16 19 23 24 25 26 27 28 29 33 34
1 2 3 4 5 6 8 9 14 15 17 18 24 25 27 28
1 2 4 5 8 9 13 14 15 16 17 18 19 24 25 27 28 33 34

24 24 -27 16 16 -35 19 19 17 17 -34 -9 -20 -20 -17 12 12 -14 -7 -7 -58 -33 36 36 -41 28 28 -38 29 29 3 -5
1 2 4 5 10 11 13 16 20 21 23 24 25 26 27 28 31 32 33 34
1 2 3 4 5 6 10 11 12 20 21 22 24 25 27 28 31 32
1 2 4 5 8 9 10 11 13 16 17 18 19 24 25 27 28 31 32 33 34
1 2 3 4 5 6 8 9 10 11 12 17 18 24 25 27 28 31 32
1 2 4 5 8 9 13 16 19 23 24 25 26 27 28 29 33 34
1 2 3 8 9 10 11 12 14 15 17 18 24 25 31 32
1 2 8 9 10 11 13 14 15 17 18 19 24 25 31 32 33

