-35 -10 -10 -10 15 15 -10 15 -10 15 15 -10 15 15 15 -40 15 -9 16 16 -9 -9 16 16 16 -39 16 16 16 -39 16 -39
1 2 3 4 5 6 8 9 10 11 12 13 15 16 17 19 20 21 22 23 24 25 26 27 29 30 31 33
5 6 9 11 12 15 16 17 18 19 21 22 25 26 27 28 29 30 31 32 33 34

-13 4 4 -4 13 13 -10 7 -4 13 13 -10 7 -1 -1 -24 -7 -27 -10 -10 7 7 -16 16 16 -7 10 16 16 -7 10 -21
1 2 3 4 5 6 8 9 10 11 12 13 15 16 17 19 23 24 26 27 29 30 31 33
1 2 3 4 5 6 10 11 12 20 21 22 23 24 26 27 30 31
5 6 9 11 12 15 16 17 18 19 26 27 28 29 30 31 32 33 34
2 3 5 6 9 11 12 15 21 22 23 24 25 26 27 28 29 30 31 32 33

-9 0 -1 0 9 8 -1 8 -9 0 -1 -9 -1 0 -1 8 -1 0 9 8 0 -1 8 9 8 -63 8 0 -1 8 -1 8
1 2 3 4 5 6 8 9 10 11 12 13 15 16 17 18 19 20 21 22 23 24 25 26 27 29 30 31 32 33 34
5 6 9 18 21 22 25 26 27 28 29 32 34

-9 17 17 -7 19 19 -20 6 -7 19 19 -20 6 -18 -18 8 -31 -45 -19 -19 22 22 -32 24 24 -30 11 24 24 -30 11 13
1 2 3 4 5 6 8 9 10 11 12 13 15 16 17 18 19 23 24 26 27 29 30 31 33 34
1 2 3 4 5 6 10 11 12 20 21 22 23 24 26 27 30 31
2 3 5 6 9 11 12 15 18 21 22 23 24 25 26 27 28 29 30 31 32 33 34

-1 0 0 0 1 1 0 1 0 1 1 0 1 1 1 -8 1 -1 0 0 -1 -1 0 0 0 1 0 0 0 1 0 1
1 2 3 4 5 6 8 9 10 11 12 13 15 16 17 19 20 21 22 23 24 25 26 27 28 29 30 31 32 33 34
5 6 9 11 12 15 16 17 18 19 28 32 34

0 1 1 -1 0 0 0 1 -1 0 0 0 1 -1 -1 0 0 0 1 1 1 1 -8 0 0 1 1 0 0 1 1 0
1 2 3 4 5 6 8 9 10 11 12 13 15 16 17 18 19 20 21 22 23 24 26 27 28 29 30 31 32 33 34
2 3 9 15 21 22 23 24 25 28 29 32 33

2 12 5 -12 -2 -9 3 13 5 15 8 -13 -10 -27 6 16 -12 -9 1 -6 13 6 -24 -1 -8 2 14 16 9 -21 -9 17
1 2 3 4 5 6 8 9 10 11 12 17 18 20 21 22 23 24 26 27 28 29 30 31 34
1 2 4 5 8 9 10 11 13 16 17 18 19 23 26 29 30 34
1 2 3 8 9 10 11 12 13 15 17 18 19 23 24 29 30 31 33 34
2 3 9 11 12 15 18 21 22 23 24 25 28 29 30 31 32 33 34

9 10 -4 10 11 -3 -4 -3 4 5 -9 4 -9 5 -9 -8 -9 -11 -10 -24 -11 15 16 -10 16 17 -24 -16 10 11 10 11
1 2 4 5 10 11 13 16 20 21 23 24 25 26 27 28 30 31 32 33 34
1 2 3 4 5 6 10 11 12 20 21 22 24 25 27 28 31 32
1 2 3 4 5 6 8 9 10 11 12 13 15 16 17 18 19 24 25 27 28 31 32 33 34
1 2 4 5 8 9 13 16 19 23 24 25 26 27 28 29 33 34

9 10 10 10 11 11 -10 -9 10 11 11 -10 -9 -9 -9 -8 -29 -45 -44 -44 15 15 16 16 16 17 -4 16 16 17 -4 -3
1 2 3 4 5 6 10 11 12 20 21 22 23 24 25 26 27 28 30 31 32
1 2 3 4 5 6 8 9 10 11 12 13 15 16 17 18 19 23 24 25 26 27 28 29 30 31 32 33 34

13 18 -25 2 7 -36 17 22 15 20 -23 -7 -45 -18 19 24 -3 4 9 -34 -18 19 24 -29 8 13 -14 -16 21 26 -1 -12
1 2 4 5 8 9 10 11 13 16 17 18 19 20 21 23 24 25 26 27 28 29 30 31 32 33 34
1 2 3 4 5 6 8 9 10 11 12 17 18 20 21 22 24 25 27 28 31 32
1 2 3 8 9 10 11 12 13 15 17 18 19 24 25 31 32 33

-48 -6 -6 -14 28 28 -20 22 -14 28 28 -20 22 14 14 -64 8 -36 6 6 -2 -2 0 32 32 -46 26 32 32 -46 26 -60
1 2 3 4 5 6 8 9 10 11 12 13 15 16 17 19 23 24 26 27 29 30 31 33
1 2 3 4 5 6 10 11 12 20 21 22 23 24 26 27 30 31
2 3 5 6 9 11 12 15 21 22 23 24 25 26 27 29 30 31 33
5 6 9 11 12 15 16 17 18 19 26 27 28 29 30 31 32 33 34
5 6 9 11 12 15 21 22 25 26 27 28 29 30 31 32 33

-44 -10 -11 -10 24 23 -11 23 -19 15 14 -19 14 15 14 -32 14 -9 25 24 -9 -10 24 25 24 -102 24 16 15 -31 15 -31
1 2 3 4 5 6 8 9 10 11 12 13 15 16 17 19 20 21 22 23 24 25 26 27 29 30 31 33
5 6 9 18 21 22 25 26 27 28 29 32 34
5 6 9 11 12 15 16 17 18 19 21 22 25 26 27 29 30 31 32 33 34

-44 7 7 -17 34 34 -30 21 -17 34 34 -30 21 -3 -3 -32 -16 -54 -3 -3 13 13 -16 40 40 -69 27 40 40 -69 27 -26
1 2 3 4 5 6 8 9 10 11 12 13 15 16 17 19 23 24 26 27 29 30 31 33
1 2 3 4 5 6 10 11 12 20 21 22 23 24 26 27 30 31
5 6 9 11 12 15 18 21 22 25 26 27 28 29 30 31 32 33 34
5 6 9 11 12 15 16 17 18 19 26 27 29 30 31 33 34
2 3 5 6 9 11 12 15 21 22 23 24 25 26 27 29 30 31 33

-36 -10 -10 -10 16 16 -10 16 -10 16 16 -10 16 16 16 -48 16 -10 16 16 -10 -10 16 16 16 -38 16 16 16 -38 16 -38
1 2 3 4 5 6 8 9 10 11 12 13 15 16 17 19 20 21 22 23 24 25 26 27 29 30 31 33
5 6 9 11 12 15 16 17 18 19 28 32 34
5 6 9 11 12 15 16 17 19 21 22 25 26 27 28 29 30 31 32 33 34

-22 -5 -5 -5 12 12 -10 7 -5 12 12 -10 7 7 7 -16 2 -28 -11 -11 7 7 -16 24 24 1 19 24 24 1 19 -84
1 2 3 4 5 6 8 9 10 11 12 13 15 16 17 19 23 24 26 27 29 30 31 33
1 2 3 4 5 6 10 11 12 20 21 22 23 24 26 27 30 31
16 17 18 19 26 27 28 29 30 31 32 33 34
2 3 5 6 9 11 12 15 21 22 23 24 25 26 27 28 29 30 31 32 33
5 6 9 11 12 15 16 17 18 19 26 27 28 29 30 31 32 33

-22 21 21 -11 32 32 -30 13 -11 32 32 -30 13 -19 -19 -16 -38 -72 -29 -29 29 29 -48 40 40 -37 21 40 40 -37 21 -8
1 2 3 4 5 6 8 9 10 11 12 13 15 16 17 19 23 24 26 27 29 30 31 33
1 2 3 4 5 6 10 11 12 20 21 22 23 24 26 27 30 31
2 3 5 6 9 11 12 15 21 22 23 24 25 26 27 28 29 30 31 32 33
5 6 9 11 12 15 18 26 27 28 29 30 31 32 33 34
5 6 9 11 12 15 16 17 18 19 26 27 29 30 31 33 34

-18 17 16 -7 28 27 -21 14 -16 19 18 -29 5 -18 -19 16 -32 -45 -10 -11 22 21 -24 33 32 -93 19 24 23 -22 10 21
1 2 3 4 5 6 8 9 10 11 12 13 15 16 17 18 19 23 24 26 27 29 30 31 33 34
1 2 3 4 5 6 10 11 12 20 21 22 23 24 26 27 30 31
2 3 5 6 9 11 12 15 18 21 22 23 24 25 26 27 29 30 31 32 33 34
5 6 9 18 21 22 25 26 27 28 29 32 34

-14 4 4 -4 14 14 -10 8 -4 14 14 -10 8 0 0 -32 -6 -28 -10 -10 6 6 -16 16 16 -6 10 16 16 -6 10 -20
1 2 3 4 5 6 8 9 10 11 12 13 15 16 17 19 23 24 26 27 29 30 31 33
1 2 3 4 5 6 10 11 12 20 21 22 23 24 26 27 30 31
5 6 9 11 12 15 16 17 19 26 27 28 29 30 31 32 33 34
5 6 9 11 12 15 16 17 18 19 28 32 34
2 3 5 6 9 11 12 15 21 22 23 24 25 26 27 28 29 30 31 32 33

-13 5 5 -5 13 13 -10 8 -5 13 13 -10 8 -2 -2 -24 -7 -27 -9 -9 8 8 -24 16 16 -6 11 16 16 -6 11 -21
1 2 3 4 5 6 8 9 10 11 12 13 15 16 17 19 23 24 26 27 29 30 31 33
1 2 3 4 5 6 10 11 12 20 21 22 23 24 26 27 30 31
5 6 9 11 12 15 16 17 18 19 26 27 28 29 30 31 32 33 34
2 3 5 6 9 11 12 15 21 22 23 24 26 27 28 29 30 31 32 33
2 3 9 15 21 22 23 24 25 28 29 32 33

-9 0 -2 0 9 7 -2 7 -8 1 -1 -8 -1 1 -1 8 -1 1 10 8 1 -1 8 10 8 -63 8 -8 0 9 0 9
1 2 3 4 5 6 8 9 10 11 12 13 15 16 17 18 19 20 21 22 23 24 25 26 27 29 31 32 33 34
5 6 9 18 21 22 25 26 27 28 29 32 34
10 11 13 16 20 21 23 26 30 31 32 33 34

-9 18 18 -8 19 19 -20 7 -8 19 19 -20 7 -19 -19 8 -31 -45 -18 -18 23 23 -40 24 24 -29 12 24 24 -29 12 13
1 2 3 4 5 6 8 9 10 11 12 13 15 16 17 18 19 23 24 26 27 29 30 31 33 34
1 2 3 4 5 6 10 11 12 20 21 22 23 24 26 27 30 31
2 3 5 6 9 11 12 15 18 21 22 23 24 26 27 28 29 30 31 32 33 34
2 3 9 15 21 22 23 24 25 28 29 32 33

-7 11 5 -21 -3 -9 -6 12 5 23 17 -14 -2 -28 6 24 -13 -9 9 3 12 6 -16 -2 -8 10 13 24 18 -84 -1 25
1 2 3 4 5 6 8 9 10 11 12 17 18 20 21 22 23 24 26 27 28 29 30 31 34
1 2 4 5 8 9 10 11 13 16 17 18 19 23 26 29 30 34
1 2 3 8 9 10 11 12 13 15 17 18 19 23 24 29 30 31 33 34
2 3 9 11 12 15 18 21 22 23 24 25 28 29 30 31 33 34
11 12 15 18 21 22 25 28 30 31 32 33 34

-7 29 22 -19 17 10 -17 19 -2 34 27 -33 -4 -45 -12 24 -43 -54 -18 -25 35 28 -56 23 16 -28 25 40 33 -51 2 30
1 2 3 4 5 6 8 9 10 11 12 17 18 23 24 26 27 29 30 31 34
1 2 4 5 8 9 10 11 13 16 17 18 19 23 26 29 30 34
1 2 3 4 5 6 10 11 12 20 21 22 23 24 26 27 30 31
1 2 3 8 9 10 11 12 13 15 17 18 19 23 24 29 30 31 33 34
2 3 9 11 12 15 18 21 22 23 24 25 28 29 30 31 32 33 34
2 3 5 6 9 11 12 18 21 22 23 24 26 27 28 29 30 31 34

-4 14 14 6 24 24 -20 -2 6 24 24 -20 -2 -10 -10 -32 -36 -72 -54 -54 22 22 0 32 32 10 6 32 32 10 6 -24
1 2 3 4 5 6 8 9 10 11 12 13 15 16 17 19 23 24 26 27 29 30 31 33
1 2 3 4 5 6 10 11 12 20 21 22 23 24 26 27 30 31
2 3 5 6 9 11 12 15 23 24 25 26 27 28 29 30 31 32 33
5 6 9 11 12 15 16 17 18 19 26 27 28 29 30 31 32 33 34
2 3 5 6 11 12 21 22 23 24 25 26 27 28 30 31 32

-1 1 1 -1 1 1 0 2 -1 1 1 0 2 0 0 -8 1 -1 1 1 0 0 -8 0 0 2 1 0 0 2 1 1
1 2 3 4 5 6 8 9 10 11 12 13 15 16 17 19 20 21 22 23 24 26 27 28 29 30 31 32 33 34
5 6 9 11 12 15 16 17 18 19 28 32 34
2 3 9 15 21 22 23 24 25 28 29 32 33

0 1 0 -1 0 -1 -1 0 0 1 0 1 1 0 -1 0 0 1 2 1 2 1 -8 1 0 1 1 -8 1 2 2 1
1 2 3 4 5 6 8 9 10 11 12 13 15 16 17 18 19 20 21 22 23 24 26 27 28 29 31 32 33 34
10 11 13 16 20 21 23 26 30 31 32 33 34
2 3 9 15 21 22 23 24 25 28 29 32 33

0 9 -10 1 10 -9 1 10 -10 -1 -20 9 -1 10 -9 0 10 15 24 5 -46 15 24 -45 16 25 -45 24 5 -66 24 25
1 2 3 4 5 6 8 9 10 11 12 13 15 16 17 18 19 20 21 22 24 25 27 28 30 31 33 34
1 2 4 5 8 9 13 16 19 20 21 23 24 25 26 27 28 29 30 33 34
11 12 15 18 21 22 25 28 30 31 32 33 34

0 27 27 3 30 30 -30 -3 3 30 30 -30 -3 -27 -27 0 -60 -90 -63 -63 37 37 -16 40 40 -13 7 40 40 -13 7 10
1 2 3 4 5 6 8 9 10 11 12 13 15 16 17 18 19 23 24 26 27 29 30 31 33 34
1 2 3 4 5 6 10 11 12 20 21 22 23 24 26 27 30 31
2 3 5 6 11 12 21 22 23 24 25 26 27 28 30 31 32
2 3 5 6 9 11 12 15 18 23 24 25 26 27 28 29 30 31 32 33 34

2 11 5 -11 -2 -8 4 13 5 14 8 -14 -11 -27 7 16 -12 -8 1 -5 13 7 -24 0 -16 3 15 16 10 -21 -9 18
1 2 3 4 5 6 8 9 10 11 12 17 18 20 21 22 23 24 26 28 29 30 31 34
1 2 4 5 8 9 10 11 13 16 17 18 19 23 26 29 30 34
1 2 3 8 9 10 11 12 13 15 17 18 19 23 24 29 30 31 33 34
4 6 8 17 20 22 24 26 27 28 29 31 34
2 3 9 11 12 15 18 21 22 23 24 25 28 29 30 31 32 33 34

2 13 6 -13 -2 -9 3 14 4 15 8 -13 -9 -28 5 16 -12 -9 2 -5 14 7 -32 -1 -8 3 15 16 9 -20 -8 17
1 2 3 4 5 6 8 9 10 11 12 17 18 20 21 22 23 24 26 27 28 29 30 31 34
1 2 4 5 8 9 10 11 13 16 17 18 19 23 26 29 30 34
1 2 3 8 9 10 11 12 13 15 17 18 19 23 24 29 30 31 33 34
2 3 9 15 21 22 23 24 25 28 29 32 33
2 3 9 11 12 15 18 21 22 23 24 28 29 30 31 32 33 34

4 17 1 -7 6 -10 14 27 9 22 6 -34 -37 -45 19 32 -24 -18 -5 -21 19 3 16 8 -8 -75 29 24 8 21 -35 34
1 2 3 4 5 6 8 9 10 11 12 17 18 20 21 22 23 24 25 26 27 29 30 31 32 34
1 2 4 5 8 9 10 11 13 16 17 18 19 23 26 29 30 34
1 2 3 8 9 10 11 12 13 15 17 18 19 23 24 25 29 30 31 32 33 34
5 6 9 18 21 22 25 26 27 28 29 32 34

4 34 19 -14 16 1 -5 25 11 41 26 -45 -30 -63 2 32 -54 -63 -33 -48 41 26 -24 23 8 -42 32 48 33 -17 -23 39
1 2 4 5 8 9 10 11 13 16 17 18 19 23 26 29 30 34
1 2 3 4 5 6 8 9 10 11 12 17 18 23 24 26 27 29 30 31 34
1 2 3 4 5 6 10 11 12 20 21 22 23 24 26 27 30 31
1 2 3 8 9 10 11 12 13 15 17 18 19 23 24 29 30 31 33 34
2 3 9 11 12 15 18 23 24 25 29 30 31 32 33 34
2 3 5 6 9 11 12 18 21 22 23 24 25 26 27 28 29 30 31 32 34

8 10 -4 10 12 -2 -4 -2 4 6 -8 4 -8 6 -8 -16 -8 -12 -10 -24 -12 14 16 -10 16 18 -24 -16 10 12 10 12
1 2 4 5 10 11 13 16 20 21 23 24 25 26 27 28 30 31 32 33 34
1 2 3 4 5 6 10 11 12 20 21 22 24 25 27 28 31 32
1 2 3 4 5 6 8 9 10 11 12 13 15 16 17 19 24 25 27 28 31 32 33 34
1 2 4 5 8 9 13 16 19 23 24 25 26 27 28 29 33 34
5 6 9 11 12 15 16 17 18 19 28 32 34

8 10 10 10 12 12 -10 -8 10 12 12 -10 -8 -8 -8 -16 -28 -46 -44 -44 14 14 16 16 16 18 -4 16 16 18 -4 -2
1 2 3 4 5 6 10 11 12 20 21 22 23 24 25 26 27 28 30 31 32
1 2 3 4 5 6 8 9 10 11 12 13 15 16 17 19 23 24 25 26 27 28 29 30 31 32 33 34
5 6 9 11 12 15 16 17 18 19 28 32 34

9 10 -5 10 11 -4 -5 -4 5 6 -9 5 -9 6 -9 -8 -9 -10 -9 -24 -10 15 16 -9 16 17 -24 -24 11 12 11 12
1 2 4 5 10 11 13 16 20 21 23 24 25 26 27 28 31 32 33 34
1 2 3 4 5 6 10 11 12 20 21 22 24 25 27 28 31 32
1 2 3 4 5 6 8 9 10 11 12 13 15 16 17 18 19 24 25 27 28 31 32 33 34
1 2 4 5 8 9 13 16 19 23 24 25 26 27 28 29 33 34
10 11 13 16 20 21 23 26 30 31 32 33 34

13 18 -26 2 7 -37 16 21 16 21 -23 -6 -45 -17 19 24 -3 5 10 -34 -17 19 24 -28 8 13 -14 -24 22 27 0 -11
1 2 4 5 8 9 10 11 13 16 17 18 19 20 21 23 24 25 26 27 28 29 31 32 33 34
1 2 3 4 5 6 8 9 10 11 12 17 18 20 21 22 24 25 27 28 31 32
1 2 3 8 9 10 11 12 13 15 17 18 19 24 25 31 32 33
10 11 13 16 20 21 23 26 30 31 32 33 34

15 27 -2 -37 -25 -54 21 33 22 34 5 -11 -28 -63 28 40 -5 10 22 -7 17 -12 -40 -35 16 28 23 24 -5 -33 -38 30
1 2 4 5 8 9 10 11 17 18 20 21 23 26 27 28 29 30 34
1 2 3 4 5 6 8 9 10 11 12 17 18 20 21 22 27 28
1 2 4 5 8 9 10 11 13 16 17 18 19 23 26 29 30 34
1 2 3 8 9 10 11 12 17 18 20 21 22 23 24 27 28 29 30 31 34
1 2 3 8 9 10 11 12 13 15 17 18 19 23 24 29 30 31 33 34
2 3 9 11 12 15 18 21 22 23 24 25 28 29 30 31 32 33 34

15 29 7 -19 -5 -27 18 32 23 37 15 -38 -46 -72 26 40 -35 -27 -13 -35 32 10 -16 -2 -24 -10 35 40 18 -8 -43 43
1 2 3 4 5 6 8 9 10 11 12 17 18 20 21 22 23 24 26 27 28 29 30 31 34
1 2 4 5 8 9 10 11 13 16 17 18 19 23 26 29 30 34
1 2 3 8 9 10 11 12 13 15 17 18 19 23 24 29 30 31 33 34
2 3 9 11 12 15 18 23 24 25 29 30 31 32 33 34
2 3 9 11 12 18 21 22 23 24 25 28 29 30 31 32 34

18 20 6 20 22 8 -14 -12 14 16 2 -6 -18 -4 -18 -16 -38 -56 -54 -68 4 30 32 6 32 34 -28 0 26 28 6 8
1 2 4 5 10 11 20 21 23 24 25 26 27 28 30 31 32
1 2 3 4 5 6 10 11 12 20 21 22 24 25 27 28 31 32
1 2 4 5 10 11 13 16 23 24 25 26 27 28 30 31 32 33 34
1 2 3 4 5 6 8 9 10 11 12 13 15 16 17 18 19 24 25 27 28 31 32 33 34
1 2 4 5 8 9 13 16 19 23 24 25 26 27 28 29 33 34

22 28 -35 12 18 -45 27 33 5 11 -52 3 -54 -7 10 16 8 19 25 -38 -63 34 40 -73 24 30 -58 0 17 23 15 5
1 2 4 5 8 9 10 11 13 16 17 18 19 20 21 24 25 27 28 30 31 32 33 34
1 2 3 4 5 6 8 9 10 11 12 17 18 20 21 22 24 25 27 28 31 32
1 2 4 5 8 9 13 16 19 20 21 23 24 25 26 27 28 29 30 33 34
1 2 3 8 9 10 11 12 13 15 17 18 19 24 25 31 32 33

22 28 -29 12 18 -39 13 19 19 25 -32 -3 -54 -13 10 16 -12 -7 -1 -58 -29 34 40 -39 24 30 -38 -32 31 37 9 -1
1 2 4 5 10 11 13 16 20 21 23 24 25 26 27 28 30 31 32 33 34
1 2 3 4 5 6 10 11 12 20 21 22 24 25 27 28 31 32
1 2 3 4 5 6 8 9 10 11 12 17 18 24 25 27 28 31 32
1 2 4 5 8 9 10 11 13 16 17 18 19 24 25 27 28 31 32 33 34
1 2 4 5 8 9 13 16 19 23 24 25 26 27 28 29 33 34
1 2 3 8 9 10 11 12 13 15 17 18 19 24 25 31 32 33

22 28 -15 12 18 -25 7 13 25 31 -12 -17 -54 -27 10 16 -32 -41 -35 -78 -3 34 40 -13 24 30 -18 0 37 43 -5 -15
1 2 3 4 5 6 10 11 12 20 21 22 24 25 27 28 31 32
1 2 4 5 10 11 20 21 23 24 25 26 27 28 30 31 32
1 2 3 4 5 6 8 9 10 11 12 17 18 24 25 27 28 31 32
1 2 4 5 8 9 10 11 13 16 17 18 19 23 24 25 26 27 28 29 30 31 32 33 34
1 2 3 8 9 10 11 12 13 15 17 18 19 24 25 31 32 33

26 35 -23 -5 4 -54 32 41 33 42 -16 -32 -81 -63 39 48 -26 -14 -5 -63 1 23 32 -30 -8 1 7 8 30 39 -35 14
1 2 4 5 8 9 10 11 17 18 20 21 23 24 25 26 27 28 29 30 31 32 34
1 2 3 4 5 6 8 9 10 11 12 17 18 20 21 22 24 25 27 28 31 32
1 2 4 5 8 9 10 11 13 16 17 18 19 23 26 29 30 34
1 2 3 8 9 10 11 12 13 15 17 18 19 24 25 31 32 33
1 2 8 9 10 11 13 17 18 19 23 24 25 29 30 31 32 33 34

-57 -15 -15 -15 27 27 -20 22 -15 27 27 -20 22 22 22 -56 17 -37 5 5 -2 -2 0 40 40 -38 35 40 40 -38 35 -123
1 2 3 4 5 6 8 9 10 11 12 13 15 16 17 19 23 24 26 27 29 30 31 33
1 2 3 4 5 6 10 11 12 20 21 22 23 24 26 27 30 31
16 17 18 19 26 27 28 29 30 31 32 33 34
5 6 9 11 12 15 21 22 25 26 27 28 29 30 31 32 33
2 3 5 6 9 11 12 15 21 22 23 24 25 26 27 29 30 31 33
5 6 9 11 12 15 16 17 18 19 26 27 28 29 30 31 32 33

-57 11 11 -21 47 47 -40 28 -21 47 47 -40 28 -4 -4 -56 -23 -81 -13 -13 20 20 -32 56 56 -76 37 56 56 -76 37 -47
1 2 3 4 5 6 8 9 10 11 12 13 15 16 17 19 23 24 26 27 29 30 31 33
1 2 3 4 5 6 10 11 12 20 21 22 23 24 26 27 30 31
5 6 9 11 12 15 16 17 18 19 26 27 29 30 31 33 34
5 6 9 11 12 15 21 22 25 26 27 28 29 30 31 32 33
5 6 9 11 12 15 18 26 27 28 29 30 31 32 33 34
2 3 5 6 9 11 12 15 21 22 23 24 25 26 27 29 30 31 33

-53 7 6 -17 43 42 -31 29 -26 34 33 -39 20 -3 -4 -24 -17 -54 6 5 13 12 -8 49 48 -132 35 40 39 -61 26 -18
1 2 3 4 5 6 8 9 10 11 12 13 15 16 17 19 23 24 26 27 29 30 31 33
1 2 3 4 5 6 10 11 12 20 21 22 23 24 26 27 30 31
5 6 9 11 12 15 18 21 22 25 26 27 29 30 31 32 33 34
2 3 5 6 9 11 12 15 21 22 23 24 25 26 27 29 30 31 33
5 6 9 18 21 22 25 26 27 28 29 32 34
5 6 9 11 12 15 16 17 18 19 26 27 29 30 31 33 34

-49 -6 -6 -14 29 29 -20 23 -14 29 29 -20 23 15 15 -72 9 -37 6 6 -3 -3 0 32 32 -45 26 32 32 -45 26 -59
1 2 3 4 5 6 8 9 10 11 12 13 15 16 17 19 23 24 26 27 29 30 31 33
1 2 3 4 5 6 10 11 12 20 21 22 23 24 26 27 30 31
5 6 9 11 12 15 16 17 19 26 27 28 29 30 31 32 33 34
5 6 9 11 12 15 16 17 18 19 28 32 34
2 3 5 6 9 11 12 15 21 22 23 24 25 26 27 29 30 31 33
5 6 9 11 12 15 21 22 25 26 27 28 29 30 31 32 33

-22 -4 -4 -6 12 12 -10 8 -6 12 12 -10 8 6 6 -16 2 -28 -10 -10 8 8 -24 24 24 2 20 24 24 2 20 -84
1 2 3 4 5 6 8 9 10 11 12 13 15 16 17 19 23 24 26 27 29 30 31 33
1 2 3 4 5 6 10 11 12 20 21 22 23 24 26 27 30 31
16 17 18 19 26 27 28 29 30 31 32 33 34
5 6 9 11 12 15 16 17 18 19 26 27 28 29 30 31 32 33
2 3 9 15 21 22 23 24 25 28 29 32 33
2 3 5 6 9 11 12 15 21 22 23 24 26 27 28 29 30 31 32 33

-22 22 22 -12 32 32 -30 14 -12 32 32 -30 14 -20 -20 -16 -38 -72 -28 -28 30 30 -56 40 40 -36 22 40 40 -36 22 -8
1 2 3 4 5 6 8 9 10 11 12 13 15 16 17 19 23 24 26 27 29 30 31 33
1 2 3 4 5 6 10 11 12 20 21 22 23 24 26 27 30 31
5 6 9 11 12 15 18 26 27 28 29 30 31 32 33 34
2 3 5 6 9 11 12 15 21 22 23 24 26 27 28 29 30 31 32 33
5 6 9 11 12 15 16 17 18 19 26 27 29 30 31 33 34
2 3 9 15 21 22 23 24 25 28 29 32 33

-16 28 22 -28 16 10 -26 18 -2 42 36 -34 4 -46 -12 32 -44 -54 -10 -16 34 28 -48 22 16 -20 24 48 42 -114 10 38
1 2 4 5 8 9 10 11 13 16 17 18 19 23 26 29 30 34
1 2 3 4 5 6 8 9 10 11 12 17 18 23 24 26 27 29 30 31 34
1 2 3 4 5 6 10 11 12 20 21 22 23 24 26 27 30 31
1 2 3 8 9 10 11 12 13 15 17 18 19 23 24 29 30 31 33 34
11 12 15 18 21 22 25 28 30 31 32 33 34
2 3 9 11 12 15 18 21 22 23 24 25 28 29 30 31 33 34
2 3 5 6 9 11 12 18 21 22 23 24 26 27 28 29 30 31 34

-14 5 5 -5 14 14 -10 9 -5 14 14 -10 9 -1 -1 -32 -6 -28 -9 -9 7 7 -24 16 16 -5 11 16 16 -5 11 -20
1 2 3 4 5 6 8 9 10 11 12 13 15 16 17 19 23 24 26 27 29 30 31 33
1 2 3 4 5 6 10 11 12 20 21 22 23 24 26 27 30 31
5 6 9 11 12 15 16 17 18 19 28 32 34
2 3 5 6 9 11 12 15 21 22 23 24 26 27 28 29 30 31 32 33
2 3 9 15 21 22 23 24 25 28 29 32 33
5 6 9 11 12 15 16 17 19 26 27 28 29 30 31 32 33 34

-13 5 5 5 23 23 -20 -2 5 23 23 -20 -2 -2 -2 -24 -27 -73 -55 -55 22 22 0 40 40 18 15 40 40 18 15 -87
1 2 3 4 5 6 8 9 10 11 12 13 15 16 17 19 23 24 26 27 29 30 31 33
1 2 3 4 5 6 10 11 12 20 21 22 23 24 26 27 30 31
2 3 5 6 11 12 21 22 23 24 25 26 27 28 30 31 32
16 17 18 19 26 27 28 29 30 31 32 33 34
2 3 5 6 9 11 12 15 23 24 25 26 27 28 29 30 31 32 33
5 6 9 11 12 15 16 17 18 19 26 27 28 29 30 31 32 33

-13 31 31 -1 43 43 -40 4 -1 43 43 -40 4 -28 -28 -24 -67 -117 -73 -73 44 44 -32 56 56 -20 17 56 56 -20 17 -11
1 2 3 4 5 6 8 9 10 11 12 13 15 16 17 19 23 24 26 27 29 30 31 33
1 2 3 4 5 6 10 11 12 20 21 22 23 24 26 27 30 31
5 6 9 11 12 15 16 17 18 19 26 27 29 30 31 33 34
5 6 9 11 12 15 18 26 27 28 29 30 31 32 33 34
2 3 5 6 9 11 12 15 23 24 25 26 27 28 29 30 31 32 33
2 3 5 6 11 12 21 22 23 24 25 26 27 28 30 31 32

-7 10 5 -20 -3 -8 -5 12 5 22 17 -15 -3 -28 7 24 -13 -8 9 4 12 7 -16 -1 -16 11 14 24 19 -84 -1 26
1 2 3 4 5 6 8 9 10 11 12 17 18 20 21 22 23 24 26 28 29 30 31 34
1 2 4 5 8 9 10 11 13 16 17 18 19 23 26 29 30 34
1 2 3 8 9 10 11 12 13 15 17 18 19 23 24 29 30 31 33 34
11 12 15 18 21 22 25 28 30 31 32 33 34
2 3 9 11 12 15 18 21 22 23 24 25 28 29 30 31 33 34
4 6 8 17 20 22 24 26 27 28 29 31 34

-7 30 23 -20 17 10 -17 20 -3 34 27 -33 -3 -46 -13 24 -43 -54 -17 -24 36 29 -64 23 16 -27 26 40 33 -50 3 30
1 2 3 4 5 6 8 9 10 11 12 17 18 23 24 26 27 29 30 31 34
1 2 4 5 8 9 10 11 13 16 17 18 19 23 26 29 30 34
1 2 3 4 5 6 10 11 12 20 21 22 23 24 26 27 30 31
1 2 3 8 9 10 11 12 13 15 17 18 19 23 24 29 30 31 33 34
2 3 9 11 12 15 18 21 22 23 24 28 29 30 31 32 33 34
2 3 5 6 9 11 12 18 21 22 23 24 26 27 28 29 30 31 34
2 3 9 15 21 22 23 24 25 28 29 32 33

-5 14 14 6 25 25 -20 -1 6 25 25 -20 -1 -9 -9 -40 -35 -73 -54 -54 21 21 0 32 32 11 6 32 32 11 6 -23
1 2 3 4 5 6 8 9 10 11 12 13 15 16 17 19 23 24 26 27 29 30 31 33
1 2 3 4 5 6 10 11 12 20 21 22 23 24 26 27 30 31
5 6 9 11 12 15 16 17 19 26 27 28 29 30 31 32 33 34
2 3 5 6 11 12 21 22 23 24 25 26 27 28 30 31 32
2 3 5 6 9 11 12 15 23 24 25 26 27 28 29 30 31 32 33
5 6 9 11 12 15 16 17 18 19 28 32 34

-5 34 18 -14 25 9 -6 33 2 41 25 -54 -31 -63 1 40 -55 -63 -24 -40 41 25 -16 32 16 -105 40 48 32 -9 -24 47
1 2 4 5 8 9 10 11 13 16 17 18 19 23 26 29 30 34
1 2 3 4 5 6 8 9 10 11 12 17 18 23 24 26 27 29 30 31 34
1 2 3 4 5 6 10 11 12 20 21 22 23 24 26 27 30 31
1 2 3 8 9 10 11 12 13 15 17 18 19 23 24 29 30 31 33 34
5 6 9 18 21 22 25 26 27 28 29 32 34
2 3 9 11 12 15 18 23 24 25 29 30 31 32 33 34
2 3 5 6 9 11 12 18 21 22 23 24 25 26 27 29 30 31 32 34

-1 1 0 -1 1 0 -1 1 0 2 1 1 2 1 0 -8 1 0 2 1 1 0 -8 1 0 2 1 -8 1 3 2 2
1 2 3 4 5 6 8 9 10 11 12 13 15 16 17 19 20 21 22 23 24 26 27 28 29 31 32 33 34
10 11 13 16 20 21 23 26 30 31 32 33 34
2 3 9 15 21 22 23 24 25 28 29 32 33
5 6 9 11 12 15 16 17 18 19 28 32 34

0 0 0 0 0 0 0 0 0 0 0 0 0 0 0 0 0 2 2 2 2 2 -8 2 -8 2 2 -8 2 2 2 2
1 2 3 4 5 6 8 9 10 11 12 13 15 16 17 18 19 20 21 22 23 24 26 28 29 31 32 33 34
4 6 8 17 20 22 24 26 27 28 29 31 34
10 11 13 16 20 21 23 26 30 31 32 33 34
2 3 9 15 21 22 23 24 25 28 29 32 33

2 12 6 -12 -2 -8 4 14 4 14 8 -14 -10 -28 6 16 -12 -8 2 -4 14 8 -32 0 -16 4 16 16 10 -20 -8 18
1 2 3 4 5 6 8 9 10 11 12 17 18 20 21 22 23 24 26 28 29 30 31 34
1 2 4 5 8 9 10 11 13 16 17 18 19 23 26 29 30 34
1 2 3 8 9 10 11 12 13 15 17 18 19 23 24 29 30 31 33 34
4 6 8 17 20 22 24 26 27 28 29 31 34
2 3 9 11 12 15 18 21 22 23 24 28 29 30 31 32 33 34
2 3 9 15 21 22 23 24 25 28 29 32 33

6 26 -2 -46 -26 -54 12 32 22 42 14 -12 -20 -64 28 48 -6 10 30 2 16 -12 -32 -36 16 36 22 32 4 -96 -30 38
1 2 4 5 8 9 10 11 17 18 20 21 23 26 27 28 29 30 34
1 2 3 4 5 6 8 9 10 11 12 17 18 20 21 22 27 28
1 2 4 5 8 9 10 11 13 16 17 18 19 23 26 29 30 34
1 2 3 8 9 10 11 12 17 18 20 21 22 23 24 27 28 29 30 31 34
1 2 3 8 9 10 11 12 13 15 17 18 19 23 24 29 30 31 33 34
2 3 9 11 12 15 18 21 22 23 24 25 28 29 30 31 33 34
11 12 15 18 21 22 25 28 30 31 32 33 34

6 46 24 -26 14 -8 -2 38 16 56 34 -58 -40 -90 8 48 -66 -72 -32 -54 54 32 -48 22 0 -40 46 64 42 -38 -32 56
1 2 3 4 5 6 8 9 10 11 12 17 18 23 24 26 27 29 30 31 34
1 2 4 5 8 9 10 11 13 16 17 18 19 23 26 29 30 34
1 2 3 4 5 6 10 11 12 20 21 22 23 24 26 27 30 31
1 2 3 8 9 10 11 12 13 15 17 18 19 23 24 29 30 31 33 34
2 3 9 11 12 15 18 23 24 25 29 30 31 32 33 34
2 3 9 11 12 18 21 22 23 24 25 28 29 30 31 32 34
2 3 5 6 9 11 12 18 21 22 23 24 26 27 28 29 30 31 34

8 10 -5 10 12 -3 -5 -3 5 7 -8 5 -8 7 -8 -16 -8 -11 -9 -24 -11 14 16 -9 16 18 -24 -24 11 13 11 13
1 2 4 5 10 11 13 16 20 21 23 24 25 26 27 28 31 32 33 34
1 2 3 4 5 6 10 11 12 20 21 22 24 25 27 28 31 32
1 2 3 4 5 6 8 9 10 11 12 13 15 16 17 19 24 25 27 28 31 32 33 34
1 2 4 5 8 9 13 16 19 23 24 25 26 27 28 29 33 34
5 6 9 11 12 15 16 17 18 19 28 32 34
10 11 13 16 20 21 23 26 30 31 32 33 34

13 24 -17 -24 -13 -54 19 30 7 18 -23 11 -19 -26 13 24 17 34 45 4 -42 -3 8 -79 40 51 -36 32 -9 -78 -5 38
1 2 4 5 8 9 10 11 13 16 17 18 19 20 21 27 28 30 34
1 2 3 4 5 6 8 9 10 11 12 17 18 20 21 22 27 28
1 2 4 5 8 9 13 16 19 20 21 23 26 27 28 29 30 34
1 2 3 8 9 10 11 12 13 15 17 18 19 20 21 22 24 25 27 28 30 31 33 34
1 2 8 9 13 19 20 21 23 24 25 27 28 29 30 33 34
11 12 15 18 21 22 25 28 30 31 32 33 34

13 44 29 -4 27 12 -15 16 21 52 37 -55 -39 -72 -7 24 -83 -108 -77 -92 56 41 -8 39 24 -25 28 64 49 0 -27 36
1 2 4 5 8 9 10 11 13 16 17 18 19 23 26 29 30 34
1 2 3 4 5 6 8 9 10 11 12 17 18 23 24 26 27 29 30 31 34
1 2 3 4 5 6 10 11 12 20 21 22 23 24 26 27 30 31
1 2 3 8 9 10 11 12 13 15 17 18 19 23 24 29 30 31 33 34
2 3 5 6 9 11 12 18 23 24 25 26 27 28 29 30 31 32 34
2 3 5 6 11 12 21 22 23 24 25 26 27 28 30 31 32
2 3 9 11 12 15 18 23 24 25 29 30 31 32 33 34

15 28 -1 -38 -25 -54 21 34 21 34 5 -11 -27 -64 27 40 -5 10 23 -6 18 -11 -48 -35 16 29 24 24 -5 -32 -37 30
1 2 4 5 8 9 10 11 17 18 20 21 23 26 27 28 29 30 34
1 2 3 4 5 6 8 9 10 11 12 17 18 20 21 22 27 28
1 2 4 5 8 9 10 11 13 16 17 18 19 23 26 29 30 34
1 2 3 8 9 10 11 12 13 15 17 18 19 23 24 29 30 31 33 34
1 2 3 8 9 10 11 12 17 18 20 21 22 23 24 27 28 29 30 31 34
2 3 9 15 21 22 23 24 25 28 29 32 33
2 3 9 11 12 15 18 21 22 23 24 28 29 30 31 32 33 34

15 28 7 -18 -5 -26 19 32 23 36 15 -39 -47 -72 27 40 -35 -26 -13 -34 32 11 -16 -1 -32 -9 36 40 19 -8 -43 44
1 2 3 4 5 6 8 9 10 11 12 17 18 20 21 22 23 24 26 28 29 30 31 34
1 2 4 5 8 9 10 11 13 16 17 18 19 23 26 29 30 34
1 2 3 8 9 10 11 12 13 15 17 18 19 23 24 29 30 31 33 34
4 6 8 17 20 22 24 26 27 28 29 31 34
2 3 9 11 12 18 21 22 23 24 25 28 29 30 31 32 34
2 3 9 11 12 15 18 23 24 25 29 30 31 32 33 34

17 20 6 20 23 9 -14 -11 14 17 3 -6 -17 -3 -17 -24 -37 -57 -54 -68 3 29 32 6 32 35 -28 0 26 29 6 9
1 2 4 5 10 11 20 21 23 24 25 26 27 28 30 31 32
1 2 3 4 5 6 10 11 12 20 21 22 24 25 27 28 31 32
1 2 4 5 10 11 13 16 23 24 25 26 27 28 30 31 32 33 34
1 2 3 4 5 6 8 9 10 11 12 13 15 16 17 19 24 25 27 28 31 32 33 34
1 2 4 5 8 9 13 16 19 23 24 25 26 27 28 29 33 34
5 6 9 11 12 15 16 17 18 19 28 32 34

22 28 -30 12 18 -40 12 18 20 26 -32 -2 -54 -12 10 16 -12 -6 0 -58 -28 34 40 -38 24 30 -38 -40 32 38 10 0
1 2 4 5 10 11 13 16 20 21 23 24 25 26 27 28 31 32 33 34
1 2 3 4 5 6 10 11 12 20 21 22 24 25 27 28 31 32
1 2 3 4 5 6 8 9 10 11 12 17 18 24 25 27 28 31 32
1 2 4 5 8 9 10 11 13 16 17 18 19 24 25 27 28 31 32 33 34
1 2 4 5 8 9 13 16 19 23 24 25 26 27 28 29 33 34
1 2 3 8 9 10 11 12 13 15 17 18 19 24 25 31 32 33
10 11 13 16 20 21 23 26 30 31 32 33 34

28 44 0 -44 -28 -72 36 52 40 56 12 -36 -64 -108 48 64 -28 -8 8 -36 36 -8 -32 -36 0 16 44 48 4 -20 -72 56
1 2 4 5 8 9 10 11 17 18 20 21 23 26 27 28 29 30 34
1 2 3 4 5 6 8 9 10 11 12 17 18 20 21 22 27 28
1 2 4 5 8 9 10 11 13 16 17 18 19 23 26 29 30 34
1 2 3 8 9 10 11 12 17 18 20 21 22 23 24 27 28 29 30 31 34
1 2 3 8 9 10 11 12 13 15 17 18 19 23 24 29 30 31 33 34
2 3 9 11 12 18 21 22 23 24 25 28 29 30 31 32 34
2 3 9 11 12 15 18 23 24 25 29 30 31 32 33 34

31 38 -39 22 29 -48 23 30 9 16 -61 7 -63 -2 1 8 -1 8 15 -62 -74 49 56 -83 40 47 -82 -16 27 34 25 16
1 2 4 5 10 11 13 16 20 21 24 25 27 28 30 31 32 33 34
1 2 3 4 5 6 10 11 12 20 21 22 24 25 27 28 31 32
1 2 3 4 5 6 8 9 10 11 12 17 18 24 25 27 28 31 32
1 2 4 5 8 9 10 11 13 16 17 18 19 24 25 27 28 31 32 33 34
1 2 4 5 13 16 20 21 23 24 25 26 27 28 30 33 34
1 2 4 5 8 9 13 16 19 23 24 25 26 27 28 29 33 34
1 2 3 8 9 10 11 12 13 15 17 18 19 24 25 31 32 33

31 38 -19 22 29 -28 3 10 29 36 -21 -13 -63 -22 1 8 -41 -52 -45 -102 -14 49 56 -23 40 47 -42 -16 47 54 5 -4
1 2 4 5 10 11 20 21 23 24 25 26 27 28 30 31 32
1 2 3 4 5 6 10 11 12 20 21 22 24 25 27 28 31 32
1 2 4 5 10 11 13 16 23 24 25 26 27 28 30 31 32 33 34
1 2 3 4 5 6 8 9 10 11 12 17 18 24 25 27 28 31 32
1 2 4 5 8 9 10 11 13 16 17 18 19 24 25 27 28 31 32 33 34
1 2 4 5 8 9 13 16 19 23 24 25 26 27 28 29 33 34
1 2 3 8 9 10 11 12 13 15 17 18 19 24 25 31 32 33

35 45 -13 5 15 -43 22 32 43 53 -5 -42 -90 -72 30 40 -55 -59 -49 -107 16 38 48 -14 8 18 3 24 46 56 -39 11
1 2 4 5 10 11 20 21 23 24 25 26 27 28 30 31 32
1 2 3 4 5 6 10 11 12 20 21 22 24 25 27 28 31 32
1 2 4 5 8 9 10 11 17 18 23 24 25 26 27 28 29 30 31 32 34
1 2 3 4 5 6 8 9 10 11 12 17 18 24 25 27 28 31 32
1 2 4 5 8 9 10 11 13 16 17 18 19 23 26 29 30 34
1 2 8 9 10 11 13 17 18 19 23 24 25 29 30 31 32 33 34
1 2 3 8 9 10 11 12 13 15 17 18 19 24 25 31 32 33

39 50 -30 -30 -19 -99 50 61 50 61 -19 -30 -99 -99 61 72 -19 5 16 -64 5 5 16 -64 16 27 16 16 16 27 -64 27
1 2 4 5 8 9 10 11 17 18 20 21 23 26 27 28 29 30 34
1 2 3 4 5 6 8 9 10 11 12 17 18 20 21 22 27 28
1 2 4 5 8 9 10 11 13 16 17 18 19 23 26 29 30 34
1 2 8 9 10 11 17 18 20 21 23 24 25 27 28 29 30 31 32 34
1 2 3 8 9 10 11 12 17 18 20 21 22 24 25 27 28 31 32
1 2 8 9 10 11 13 17 18 19 23 24 25 29 30 31 32 33 34
1 2 3 8 9 10 11 12 13 15 17 18 19 24 25 31 32 33

