-30 -30 -11 -30 -30 -11 -11 -11 21 21 40 21 40 21 40 -80 40 21 21 40 21 -80 40 21 40 40 -48 -29 -29 -29 -29
1 2 3 4 5 6 8 9 10 11 12 13 15 16 17 19 20 21 22 23 25 26 27 29
1 3 8 10 12 13 15 17 19 20 22 23 24 25 27 29 31 33
10 11 12 13 15 16 17 19 20 21 22 23 25 26 27 29 30 31 32 33 34
5 6 9 11 12 15 16 17 18 19 21 22 25 26 27 29 32 34

0 0 -1 0 0 -1 -1 -1 1 1 0 1 0 1 0 0 0 1 1 0 1 0 0 1 0 0 -8 1 1 1 1
1 2 3 4 5 6 8 9 10 11 12 13 15 16 17 18 19 20 21 22 23 24 25 26 27 29 31 32 33 34
10 11 13 16 20 21 23 26 30 31 32 33 34

15 15 37 15 15 37 -38 -38 -27 -27 -5 18 40 18 -80 40 -35 -27 -27 -5 18 40 -80 18 40 -35 -24 -2 -2 43 43
1 2 3 4 5 6 10 11 12 13 15 16 18 20 21 22 23 24 26 27 30 31 32 33 34
1 3 4 6 8 10 12 13 15 16 17 18 19 24 27 31 33 34
1 2 3 4 5 6 8 9 13 15 16 18 19 23 24 26 27 29 33 34
2 3 5 6 9 15 18 21 22 23 24 25 26 27 29 32 33 34

198 -210 211 -210 -618 -197 211 -197 219 -189 232 219 232 -189 232 -176 232 315 -93 328 315 -944 328 -93 328 328 336 -923 349 -923 349
1 2 3 4 5 6 8 9 10 11 12 13 15 16 17 18 19 20 21 22 23 25 26 27 29 30 32 34
1 3 8 10 12 13 15 17 19 20 22 23 24 25 27 29 30 31 32 33 34

309 357 46 -147 -99 -410 319 367 414 462 151 -489 -752 -945 424 472 -479 -378 -330 -641 399 88 136 -57 -368 409 504 193 241 -710 514
1 2 3 4 5 6 8 9 10 11 12 17 18 20 21 22 23 24 25 26 27 29 30 31 32 34
1 2 4 5 8 9 10 11 13 16 17 18 19 23 26 29 30 34
1 2 3 8 9 10 11 12 13 15 17 18 19 23 24 25 29 30 31 32 33 34

-30 -30 -12 -30 -30 -12 -12 -12 22 22 40 22 40 22 40 -80 40 22 22 40 22 -80 40 22 40 40 -56 -28 -28 -28 -28
1 2 3 4 5 6 8 9 10 11 12 13 15 16 17 19 20 21 22 23 25 26 27 29
1 3 8 10 12 13 15 17 19 20 22 23 24 25 27 29 31 33
10 11 13 16 20 21 23 26 30 31 32 33 34
10 11 12 13 15 16 17 19 20 21 22 23 25 26 27 29 31 32 33 34
5 6 9 11 12 15 16 17 18 19 21 22 25 26 27 29 32 34

15 15 36 15 15 36 -39 -39 -26 -26 -5 19 40 19 -80 40 -35 -26 -26 -5 19 40 -80 19 40 -35 -32 -1 -1 44 44
1 2 3 4 5 6 10 11 12 13 15 16 18 20 21 22 23 24 26 27 31 32 33 34
1 3 4 6 8 10 12 13 15 16 17 18 19 24 27 31 33 34
1 2 3 4 5 6 8 9 13 15 16 18 19 23 24 26 27 29 33 34
10 11 13 16 20 21 23 26 30 31 32 33 34
2 3 5 6 9 15 18 21 22 23 24 25 26 27 29 32 33 34

168 -240 200 -240 -648 -208 200 -208 240 -168 272 240 272 -168 272 -256 272 336 -72 368 336 -1024 368 -72 368 368 288 -952 320 -952 320
1 2 3 4 5 6 8 9 10 11 12 13 15 16 17 19 20 21 22 23 25 26 27 29
1 3 8 10 12 13 15 17 19 20 22 23 24 25 27 29 31 33
10 11 12 13 15 16 17 19 20 21 22 23 25 26 27 29 30 32 34
10 12 13 15 17 19 20 22 23 25 27 29 30 31 32 33 34
5 6 9 11 12 15 16 17 18 19 21 22 25 26 27 29 32 34

210 714 413 -294 210 -91 -91 413 357 861 560 -819 -616 -1323 56 560 -1120 -1323 -819 -1120 861 560 -616 357 56 560 1008 707 -469 -469 707
1 2 4 5 8 9 10 11 13 16 17 18 19 23 26 29 30 34
1 2 3 4 5 6 8 9 10 11 12 17 18 23 24 26 27 29 30 31 34
1 2 3 4 5 6 10 11 12 20 21 22 23 24 26 27 30 31
1 2 3 8 9 10 11 12 13 15 17 18 19 23 24 29 30 31 33 34
2 3 9 11 12 15 18 23 24 25 29 30 31 32 33 34
2 3 5 6 9 11 12 18 21 22 23 24 25 26 27 29 30 31 32 34

324 372 8 -132 -84 -448 356 404 432 480 116 -516 -832 -972 464 512 -484 -360 -312 -676 372 128 176 -84 -448 404 480 236 284 -712 512
1 2 4 5 8 9 10 11 17 18 20 21 23 24 25 26 29 30 31 32 34
1 2 3 4 5 6 8 9 10 11 12 17 18 20 21 22 24 25 31 32
1 2 4 5 8 9 10 11 13 16 17 18 19 23 26 29 30 34
1 2 8 9 10 11 13 17 18 19 23 24 25 29 30 31 32 33 34
1 2 3 8 9 10 11 12 13 15 17 18 19 24 25 31 32 33
4 5 6 8 9 17 18 20 21 22 24 25 26 27 29 31 32 34

507 147 257 -357 -717 -607 530 170 633 273 383 -270 -520 -1134 656 296 -247 -63 -423 -313 714 -856 464 -150 -40 737 840 -730 590 -1633 863
1 2 3 4 5 6 8 9 10 11 12 17 18 20 21 22 23 25 26 27 29 30 32 34
1 2 4 5 8 9 10 11 13 16 17 18 19 23 26 29 30 34
1 2 3 8 9 10 11 12 13 15 17 18 19 23 25 29 30 32 34
1 3 8 10 12 17 20 22 23 24 25 27 29 30 31 32 34
1 3 8 10 12 13 15 17 19 23 24 25 29 30 31 32 33 34

