-9 -9 -9 -1 -1 -1 0 0 -1 -1 -1 0 0 8 8 8 9 -1 -1 -1 0 0 8 8 8 9 8 8 8 9 -63
1 2 3 4 5 6 8 9 10 11 12 13 15 16 17 18 19 20 21 22 23 24 26 27 28 29 30 31 32 33
16 17 18 19 26 27 28 29 30 31 32 33 34

0 0 -1 0 0 -1 -1 -1 1 1 0 1 0 1 0 0 0 1 1 0 1 0 1 0 0 0 -8 1 1 1 1
1 2 3 4 5 6 8 9 10 11 12 13 15 16 17 18 19 20 21 22 23 24 26 27 28 29 31 32 33 34
10 11 13 16 20 21 23 26 30 31 32 33 34

2 2 -13 -12 -12 -27 5 5 13 13 -2 5 -10 -9 16 16 8 13 13 -2 5 -10 -9 16 16 8 -24 1 1 -7 -21
1 2 4 5 8 9 10 11 13 16 17 18 19 20 21 23 26 27 28 29
1 2 3 4 5 6 8 9 10 11 12 17 18 20 21 22 27 28
1 2 3 8 9 10 11 12 13 15 17 18 19 20 21 22 23 24 27 28 29 31 32 33
10 11 13 16 17 18 19 20 21 23 26 27 28 29 30 31 32 33 34

9 2 2 -2 -9 -9 10 3 -2 -9 -9 10 3 -1 -1 -8 11 15 8 8 -13 -13 -24 16 9 -12 16 -24 9 -12 17
1 2 3 4 5 6 8 9 10 11 12 13 15 16 17 18 19 20 21 22 27 28 30 32 34
1 2 4 5 8 9 13 16 19 20 21 23 26 27 28 29 30 34
1 3 8 10 12 13 15 17 19 20 22 24 27 30 31 32 33 34
1 2 3 8 9 13 15 19 20 21 22 23 24 27 28 29 30 32 33 34

13 13 -9 -23 -23 -45 18 18 19 19 -3 2 -20 -34 24 24 7 19 19 -3 2 -20 -34 24 24 7 8 -14 -14 -31 13
1 2 4 5 8 9 10 11 13 16 17 18 19 20 21 23 26 27 28 29 30 34
1 2 3 4 5 6 8 9 10 11 12 17 18 20 21 22 27 28
1 2 3 8 9 10 11 12 13 15 17 18 19 20 21 22 23 24 27 28 29 30 31 32 33 34

-7 -7 -22 -13 -13 -28 5 5 12 12 -3 5 -10 -1 24 24 17 12 12 -3 5 -10 -1 24 24 17 -16 9 9 2 -84
1 2 4 5 8 9 10 11 13 16 17 18 19 20 21 23 26 27 28 29
1 2 3 4 5 6 8 9 10 11 12 17 18 20 21 22 27 28
1 2 3 8 9 10 11 12 13 15 17 18 19 20 21 22 23 24 27 28 29 31 32 33
16 17 18 19 26 27 28 29 30 31 32 33 34
10 11 13 16 17 18 19 20 21 23 26 27 28 29 30 31 32 33

0 -1 -1 1 0 0 0 -1 1 0 0 0 -1 1 1 0 0 2 1 1 1 1 2 -8 1 1 -8 2 1 1 2
1 2 3 4 5 6 8 9 10 11 12 13 15 16 17 18 19 20 21 22 23 24 26 28 29 31 32 33 34
4 6 8 17 20 22 24 26 27 28 29 31 34
10 11 13 16 20 21 23 26 30 31 32 33 34

2 2 -14 -12 -12 -28 4 4 14 14 -2 6 -10 -8 16 16 8 14 14 -2 6 -10 -8 16 16 8 -32 2 2 -6 -20
1 2 4 5 8 9 10 11 13 16 17 18 19 20 21 23 26 27 28 29
1 2 3 4 5 6 8 9 10 11 12 17 18 20 21 22 27 28
1 2 3 8 9 10 11 12 13 15 17 18 19 20 21 22 23 24 27 28 29 31 32 33
10 11 13 16 17 18 19 20 21 23 26 27 28 29 31 32 33 34
10 11 13 16 20 21 23 26 30 31 32 33 34

8 2 2 -2 -8 -8 10 4 -2 -8 -8 10 4 0 0 -16 12 14 8 8 -14 -14 -24 16 10 -12 16 -24 10 -12 18
1 2 3 4 5 6 8 9 10 11 12 13 15 16 17 19 20 21 22 27 28 30 32 34
1 2 4 5 8 9 13 16 19 20 21 23 26 27 28 29 30 34
1 3 8 10 12 13 15 17 19 20 22 24 27 30 31 32 33 34
1 2 3 8 9 13 15 19 20 21 22 23 24 27 28 29 30 32 33 34
5 6 9 11 12 15 16 17 18 19 28 32 34

15 15 -22 -35 -35 -72 23 23 32 32 -5 7 -30 -43 40 40 15 32 32 -5 7 -30 -43 40 40 15 -16 -13 -13 -38 -8
1 2 4 5 8 9 10 11 13 16 17 18 19 20 21 23 26 27 28 29
1 2 3 4 5 6 8 9 10 11 12 17 18 20 21 22 27 28
1 2 3 8 9 10 11 12 13 15 17 18 19 20 21 22 23 24 27 28 29 31 32 33
10 11 13 17 18 19 20 21 23 27 28 29 30 31 32 33 34
10 11 13 16 17 18 19 20 21 23 26 27 28 29 30 34

22 15 -7 -25 -32 -54 28 21 17 10 -12 12 -17 -35 23 16 18 34 27 5 -11 -33 -58 40 33 -5 24 -38 -5 -43 30
1 2 4 5 8 9 10 11 13 16 17 18 19 20 21 27 28 30 34
1 2 3 4 5 6 8 9 10 11 12 17 18 20 21 22 27 28
1 2 4 5 8 9 13 16 19 20 21 23 26 27 28 29 30 34
1 3 8 10 12 13 15 17 19 20 22 24 27 30 31 32 33 34
1 2 3 8 9 10 11 12 13 15 17 18 19 20 21 22 27 28 30 32 34
1 2 3 8 9 13 15 19 20 21 22 23 24 27 28 29 30 32 33 34

