0 1 1 -1 0 0 0 1 -1 0 0 0 1 -1 -1 0 0 1 1 1 1 -8 0 0 1 1 0 0 1 1 0
1 2 3 4 5 6 8 9 10 11 12 13 15 16 17 19 20 21 22 23 24 26 27 28 29 30 31 32 33 34
2 3 9 15 21 22 23 24 25 28 29 32 33

5 5 -2 5 5 -2 -2 -2 2 2 -5 2 -5 2 -5 -5 -5 -5 -12 -5 8 8 -5 8 8 -12 -8 5 5 5 5
1 2 4 5 10 11 13 16 20 21 23 24 25 26 27 28 30 31 32 33 34
1 2 3 4 5 6 10 11 12 20 21 22 24 25 27 28 31 32
1 2 3 4 5 6 8 9 10 11 12 13 15 16 17 19 24 25 27 28 31 32 33 34
1 2 4 5 8 9 13 16 19 23 24 25 26 27 28 29 33 34

5 5 5 5 5 5 -5 -5 5 5 5 -5 -5 -5 -5 -15 -22 -22 -22 8 8 8 8 8 8 -2 8 8 8 -2 -2
1 2 3 4 5 6 10 11 12 20 21 22 23 24 25 26 27 28 30 31 32
1 2 3 4 5 6 8 9 10 11 12 13 15 16 17 19 23 24 25 26 27 28 29 30 31 32 33 34

0 1 0 -1 0 -1 -1 0 0 1 0 1 1 0 -1 0 1 2 1 2 1 -8 1 0 1 1 -8 1 2 2 1
1 2 3 4 5 6 8 9 10 11 12 13 15 16 17 19 20 21 22 23 24 26 27 28 29 31 32 33 34
10 11 13 16 20 21 23 26 30 31 32 33 34
2 3 9 15 21 22 23 24 25 28 29 32 33

5 5 -3 5 5 -3 -3 -3 3 3 -5 3 -5 3 -5 -5 -4 -4 -12 -4 8 8 -4 8 8 -12 -16 6 6 6 6
1 2 4 5 10 11 13 16 20 21 23 24 25 26 27 28 31 32 33 34
1 2 3 4 5 6 10 11 12 20 21 22 24 25 27 28 31 32
1 2 3 4 5 6 8 9 10 11 12 13 15 16 17 19 24 25 27 28 31 32 33 34
1 2 4 5 8 9 13 16 19 23 24 25 26 27 28 29 33 34
10 11 13 16 20 21 23 26 30 31 32 33 34

10 10 3 10 10 3 -7 -7 7 7 0 -3 -10 -3 -10 -20 -27 -27 -34 3 16 16 3 16 16 -14 0 13 13 3 3
1 2 4 5 10 11 20 21 23 24 25 26 27 28 30 31 32
1 2 3 4 5 6 10 11 12 20 21 22 24 25 27 28 31 32
1 2 4 5 10 11 13 16 23 24 25 26 27 28 30 31 32 33 34
1 2 3 4 5 6 8 9 10 11 12 13 15 16 17 19 24 25 27 28 31 32 33 34
1 2 4 5 8 9 13 16 19 23 24 25 26 27 28 29 33 34

