-1 -1 -1 -1 -1 -1 -1 -1 -1 -1 -1 -1 3 3 3 3 -1 -1 -1 -1 -1 -1 3 3 3 3 3 3 3 3 -18
4 5 6 7 8 9 10 11 12 13 14 15 16 17 18 19 20 21 22 23 24 25 26 27 28 29 30 31 32 33
16 17 18 19 26 27 28 29 30 31 32 33 34

3 3 3 3 3 3 3 3 3 3 3 3 -9 -9 -9 -9 -7 -7 -7 -7 -7 -7 6 6 6 6 6 6 6 6 -6
4 5 6 7 8 9 10 11 12 13 14 15 20 21 22 23 24 25 26 27 28 29 30 31 32 33
4 5 6 7 8 9 10 11 12 13 14 15 16 17 18 19 26 27 28 29 30 31 32 33 34

11 11 -14 11 -14 -14 11 11 -14 11 -14 -14 -33 17 17 17 11 11 -14 11 -14 -14 -33 17 17 17 -33 17 17 17 -27
4 5 7 10 11 13 16 17 18 19 20 21 23 26 27 28 29 30 31 32 33 34
4 5 6 7 8 9 10 11 12 13 14 15 17 18 19 20 21 22 23 24 25 27 28 29 31 32 33

12 12 -13 -38 12 12 12 12 -13 -38 12 12 14 -11 -11 14 12 12 -13 -38 12 12 14 -11 -11 14 14 -11 -11 14 -9
4 5 7 8 9 10 11 13 14 15 16 19 20 21 23 24 25 26 29 30 33
4 5 6 8 9 10 11 12 14 15 16 17 18 19 20 21 22 24 25 26 27 28 29 30 31 32 33 34

19 19 -1 19 -1 -1 19 19 -1 19 -1 -1 -12 -32 -32 -32 -8 -8 -28 -8 -28 -28 -39 31 31 31 -39 31 31 31 0
4 5 7 10 11 13 16 20 21 23 26 27 28 29 30 31 32 33 34
4 5 6 7 8 9 10 11 12 13 14 15 20 21 22 23 24 25 27 28 29 31 32 33
4 5 6 7 8 9 10 11 12 13 14 15 16 17 18 19 27 28 29 31 32 33 34

43 43 -7 43 -7 -7 43 43 -7 43 -7 -7 -354 46 46 46 -2 -2 -52 -2 -52 -52 51 1 1 1 51 1 1 1 54
4 5 6 7 8 9 10 11 12 13 14 15 17 18 19 20 21 22 23 24 25 26 27 28 29 30 31 32 33 34
4 5 7 10 11 13 16 17 18 19 26 30 34

54 54 -46 -71 54 54 54 54 -46 -71 54 54 -112 13 13 -112 9 9 -91 -116 9 9 68 -32 -32 68 68 -32 -32 68 27
4 5 7 8 9 10 11 13 14 15 20 21 23 24 25 26 29 30 33
4 5 6 8 9 10 11 12 14 15 17 18 20 21 22 24 25 26 27 28 29 30 31 32 33 34
4 5 7 8 9 10 11 13 14 15 16 17 18 19 26 29 30 33 34

2 2 2 2 2 2 2 2 2 2 2 2 -6 -6 -6 -6 -8 -8 -8 -8 -8 -8 9 9 9 9 9 9 9 9 -24
4 5 6 7 8 9 10 11 12 13 14 15 20 21 22 23 24 25 26 27 28 29 30 31 32 33
4 5 6 7 8 9 10 11 12 13 14 15 16 17 18 19 26 27 28 29 30 31 32 33
16 17 18 19 26 27 28 29 30 31 32 33 34

10 10 -15 10 -15 -15 10 10 -15 10 -15 -15 -30 20 20 20 10 10 -15 10 -15 -15 -30 20 20 20 -30 20 20 20 -45
4 5 6 7 8 9 10 11 12 13 14 15 17 18 19 20 21 22 23 24 25 27 28 29 31 32 33
4 5 7 10 11 13 16 17 18 19 20 21 23 26 27 28 29 30 31 32 33
16 17 18 19 26 27 28 29 30 31 32 33 34

11 11 -14 -39 11 11 11 11 -14 -39 11 11 17 -8 -8 17 11 11 -14 -39 11 11 17 -8 -8 17 17 -8 -8 17 -27
4 5 7 8 9 10 11 13 14 15 16 19 20 21 23 24 25 26 29 30 33
4 5 6 8 9 10 11 12 14 15 16 17 18 19 20 21 22 24 25 26 27 28 29 30 31 32 33
16 17 18 19 26 27 28 29 30 31 32 33 34

14 14 -11 14 -11 -11 14 14 -11 14 -11 -11 -42 8 8 8 4 4 -21 4 -21 -21 -27 23 23 23 -27 23 23 23 -33
4 5 6 7 8 9 10 11 12 13 14 15 20 21 22 23 24 25 27 28 29 31 32 33
4 5 7 10 11 13 20 21 23 26 27 28 29 30 31 32 33
4 5 7 10 11 13 16 17 18 19 26 27 28 29 30 31 32 33 34
4 5 6 7 8 9 10 11 12 13 14 15 17 18 19 27 28 29 31 32 33

15 15 -10 -35 15 15 15 15 -10 -35 15 15 5 -20 -20 5 5 5 -20 -45 5 5 20 -5 -5 20 20 -5 -5 20 -15
4 5 6 8 9 10 11 12 14 15 20 21 22 24 25 26 27 28 29 30 31 32 33
4 5 7 8 9 10 11 13 14 15 20 21 23 24 25 26 29 30 33
4 5 6 8 9 10 11 12 14 15 16 17 18 19 26 27 28 29 30 31 32 33 34
4 5 7 8 9 10 11 13 14 15 16 19 26 29 30 33

22 22 2 22 2 2 22 22 2 22 2 2 -21 -41 -41 -41 -15 -15 -35 -15 -35 -35 -33 37 37 37 -33 37 37 37 -6
4 5 6 7 8 9 10 11 12 13 14 15 20 21 22 23 24 25 27 28 29 31 32 33
4 5 7 10 11 13 20 21 23 26 27 28 29 30 31 32 33
4 5 7 10 11 13 16 26 27 28 29 30 31 32 33 34
4 5 6 7 8 9 10 11 12 13 14 15 16 17 18 19 27 28 29 31 32 33 34

23 23 -52 -2 -2 -2 23 23 -52 -2 -2 -2 -44 31 31 6 23 23 -52 -2 -2 -2 -44 31 31 6 -44 31 31 6 -36
4 5 7 10 11 13 16 17 18 19 20 21 23 26 27 28 29 30 31 32 33 34
4 5 7 8 9 10 11 13 14 15 17 18 19 20 21 23 24 25 27 28 29 31 32 33
4 5 6 8 9 10 11 12 14 15 17 18 20 21 22 24 25 27 28 31 32

24 24 -51 -51 24 24 24 24 -51 -51 24 24 3 3 3 3 24 24 -51 -51 24 24 3 3 3 3 3 3 3 3 -18
4 5 8 9 10 11 14 15 16 17 18 19 20 21 24 25 26 27 28 29 30 31 32 33 34
4 5 7 8 9 10 11 13 14 15 16 19 20 21 23 24 25 26 29 30 33
4 5 6 8 9 10 11 12 14 15 17 18 20 21 22 24 25 27 28 31 32

30 30 -15 30 -15 -15 30 30 -15 30 -15 -15 -45 -15 -15 -15 3 3 -42 3 -42 -42 -72 48 48 48 -72 48 48 48 -27
4 5 7 10 11 13 16 20 21 23 26 27 28 29 30 31 32 33 34
4 5 6 7 8 9 10 11 12 13 14 15 20 21 22 23 24 25 27 28 29 31 32 33
4 5 6 7 8 9 10 11 12 13 14 15 17 18 19 27 28 29 31 32 33
4 5 7 10 11 13 16 17 18 19 27 28 29 31 32 33 34

31 31 -39 6 11 11 31 31 -39 6 11 11 -23 -18 -18 -43 4 4 -66 -21 -16 -16 -50 45 45 20 -50 45 45 20 -9
4 5 7 10 11 13 16 20 21 23 26 27 28 29 30 31 32 33 34
4 5 7 8 9 10 11 13 14 15 20 21 23 24 25 27 28 29 31 32 33
4 5 6 8 9 10 11 12 14 15 20 21 22 24 25 27 28 31 32
4 5 7 8 9 10 11 13 14 15 16 17 18 19 27 28 29 31 32 33 34
4 5 6 8 9 10 11 12 14 15 17 18 27 28 31 32

46 46 -4 46 -4 -4 46 46 -4 46 -4 -4 -363 37 37 37 -9 -9 -59 -9 -59 -59 57 7 7 7 57 7 7 7 48
4 5 6 7 8 9 10 11 12 13 14 15 20 21 22 23 24 25 26 27 28 29 30 31 32 33
4 5 6 7 8 9 10 11 12 13 14 15 17 18 19 26 27 28 29 30 31 32 33 34
4 5 7 10 11 13 16 17 18 19 26 30 34

54 54 -21 54 -21 -21 54 54 -21 54 -21 -21 -387 63 63 63 9 9 -66 9 -66 -66 18 18 18 18 18 18 18 18 27
4 5 7 10 11 13 17 18 19 20 21 23 26 27 28 29 30 31 32 33 34
4 5 6 7 8 9 10 11 12 13 14 15 17 18 19 20 21 22 23 24 25 27 28 29 31 32 33
4 5 7 10 11 13 16 17 18 19 26 30 34

55 55 -45 30 5 5 55 55 -45 30 5 5 -365 60 60 35 10 10 -90 -15 -40 -40 40 15 15 -10 40 15 15 -10 45
4 5 7 8 9 10 11 13 14 15 17 18 19 20 21 23 24 25 26 27 28 29 30 31 32 33 34
4 5 6 8 9 10 11 12 14 15 17 18 20 21 22 24 25 27 28 31 32
4 5 7 10 11 13 16 17 18 19 26 30 34

57 57 -43 -68 57 57 57 57 -43 -68 57 57 -121 4 4 -121 2 2 -98 -123 2 2 74 -26 -26 74 74 -26 -26 74 21
4 5 6 8 9 10 11 12 14 15 20 21 22 24 25 26 27 28 29 30 31 32 33
4 5 7 8 9 10 11 13 14 15 20 21 23 24 25 26 29 30 33
4 5 6 8 9 10 11 12 14 15 17 18 26 27 28 29 30 31 32 33 34
4 5 7 8 9 10 11 13 14 15 16 17 18 19 26 29 30 33 34

62 42 12 42 12 -8 62 42 12 42 12 -8 -386 34 14 14 -10 -30 -60 -30 -60 -80 82 -38 32 32 82 -38 32 32 54
4 6 8 10 12 14 17 20 22 24 26 27 28 29 30 31 32 33 34
4 5 6 7 8 9 10 11 12 13 14 15 20 21 22 23 24 25 26 28 29 30 32 33
4 5 7 10 11 13 16 17 18 19 26 30 34
4 5 6 7 8 9 10 11 12 13 14 15 17 18 19 26 28 29 30 32 33 34

62 62 -8 62 -8 -8 35 35 -35 35 -35 -35 -393 77 77 77 17 17 -53 17 -53 -53 39 -31 -31 -31 12 32 32 32 54
4 5 7 10 11 13 17 18 19 20 21 23 26 30 31 32 33 34
4 5 6 7 8 9 10 11 12 13 14 15 17 18 19 20 21 22 23 24 25 31 32 33
4 5 7 10 11 13 16 17 18 19 26 30 34
4 5 6 7 8 9 17 18 19 20 21 22 23 24 25 26 27 28 29 31 32 33 34

66 66 -84 -84 66 66 66 66 -84 -84 66 66 27 -123 -123 27 21 21 -129 -129 21 21 -18 57 57 -18 -18 57 57 -18 18
4 5 7 8 9 10 11 13 14 15 16 19 20 21 23 24 25 26 29 30 33
4 5 8 9 10 11 14 15 16 19 20 21 24 25 26 27 28 29 30 31 32 33 34
4 5 6 8 9 10 11 12 14 15 20 21 22 24 25 27 28 31 32
4 5 6 8 9 10 11 12 14 15 16 17 18 19 27 28 31 32 34

66 66 -59 -109 66 66 66 66 -59 -109 66 66 -98 2 2 -98 21 21 -104 -154 21 21 82 -43 -43 82 82 -43 -43 82 18
4 5 6 8 9 10 11 12 14 15 17 18 20 21 22 24 25 26 27 28 29 30 31 32 33 34
4 5 7 8 9 10 11 13 14 15 20 21 23 24 25 26 29 30 33
4 5 7 8 9 10 11 13 14 15 16 19 26 29 30 33
4 5 8 9 10 11 14 15 16 17 18 19 26 29 30 33 34

73 73 -72 -27 53 53 73 73 -72 -27 53 53 1 -144 -144 -19 1 1 -144 -99 -19 -19 -71 99 99 -1 -71 99 99 -1 27
4 5 7 10 11 13 16 20 21 23 26 27 28 29 30 31 32 33 34
4 5 7 8 9 10 11 13 14 15 20 21 23 24 25 27 28 29 31 32 33
4 5 6 8 9 10 11 12 14 15 20 21 22 24 25 27 28 31 32
4 5 7 8 9 10 11 13 14 15 16 19 27 28 29 31 32 33 34
4 5 6 8 9 10 11 12 14 15 16 17 18 19 27 28 31 32 34

86 36 36 36 36 -14 41 -9 -9 -9 -9 -59 97 -353 47 47 41 -9 -9 -9 -9 -59 -353 97 47 47 52 52 2 2 108
4 5 6 7 8 9 10 11 12 13 14 15 16 18 19 20 21 22 23 24 25 27 28 29 30 31 32 33 34
4 6 8 10 12 14 16 17 18 19 27 31 34
4 5 7 16 20 21 23 26 27 28 29 30 34

97 97 -78 -3 47 47 52 52 -123 -48 2 2 64 -111 -111 14 52 52 -123 -48 2 2 -386 114 114 14 19 69 69 -31 81
4 5 7 8 9 10 11 13 14 15 16 19 20 21 23 24 25 27 28 29 30 31 32 33 34
4 5 6 8 9 10 11 12 14 15 20 21 22 24 25 27 28 31 32
4 5 6 8 9 10 11 12 14 15 16 17 18 19 27 28 31 32 34
4 5 7 16 20 21 23 26 27 28 29 30 34

97 97 -53 -28 47 47 97 97 -53 -28 47 47 -466 59 59 -66 7 7 -143 -118 -43 -43 119 -31 -31 69 119 -31 -31 69 81
4 5 7 8 9 10 11 13 14 15 20 21 23 24 25 26 29 30 33
4 5 6 8 9 10 11 12 14 15 17 18 20 21 22 24 25 26 27 28 29 30 31 32 33 34
4 5 7 10 11 13 16 17 18 19 26 30 34
4 5 7 8 9 10 11 13 14 15 17 18 19 26 29 30 33 34

108 108 -117 -117 108 108 63 63 -162 -162 63 63 81 -144 -144 81 63 63 -162 -162 63 63 -144 81 81 -144 36 36 36 36 54
4 5 8 9 10 11 14 15 16 19 20 21 24 25 27 28 30 31 32 33 34
4 5 7 8 9 10 11 13 14 15 16 19 20 21 23 24 25 30 33
4 5 6 8 9 10 11 12 14 15 20 21 22 24 25 27 28 31 32
4 5 6 8 9 10 11 12 14 15 16 17 18 19 27 28 31 32 34
4 5 7 8 9 16 19 20 21 23 24 25 26 27 28 29 30 33 34

13 13 -12 13 -12 -12 13 13 -12 13 -12 -12 -39 11 11 11 3 3 -22 3 -22 -22 -24 26 26 26 -24 26 26 26 -51
4 5 6 7 8 9 10 11 12 13 14 15 20 21 22 23 24 25 27 28 29 31 32 33
4 5 7 10 11 13 20 21 23 26 27 28 29 30 31 32 33
4 5 7 10 11 13 16 17 18 19 26 27 28 29 30 31 32 33
4 5 6 7 8 9 10 11 12 13 14 15 17 18 19 27 28 29 31 32 33
16 17 18 19 26 27 28 29 30 31 32 33 34

14 14 -11 -36 14 14 14 14 -11 -36 14 14 8 -17 -17 8 4 4 -21 -46 4 4 23 -2 -2 23 23 -2 -2 23 -33
4 5 6 8 9 10 11 12 14 15 20 21 22 24 25 26 27 28 29 30 31 32 33
4 5 7 8 9 10 11 13 14 15 20 21 23 24 25 26 29 30 33
4 5 7 8 9 10 11 13 14 15 16 19 26 29 30 33
4 5 6 8 9 10 11 12 14 15 16 17 18 19 26 27 28 29 30 31 32 33
16 17 18 19 26 27 28 29 30 31 32 33 34

22 22 -53 -3 -3 -3 22 22 -53 -3 -3 -3 -41 34 34 9 22 22 -53 -3 -3 -3 -41 34 34 9 -41 34 34 9 -54
4 5 7 8 9 10 11 13 14 15 17 18 19 20 21 23 24 25 27 28 29 31 32 33
4 5 7 10 11 13 16 17 18 19 20 21 23 26 27 28 29 30 31 32 33
4 5 6 8 9 10 11 12 14 15 17 18 20 21 22 24 25 27 28 31 32
16 17 18 19 26 27 28 29 30 31 32 33 34

23 23 -52 -52 23 23 23 23 -52 -52 23 23 6 6 6 6 23 23 -52 -52 23 23 6 6 6 6 6 6 6 6 -36
4 5 7 8 9 10 11 13 14 15 16 19 20 21 23 24 25 26 29 30 33
4 5 8 9 10 11 14 15 16 17 18 19 20 21 24 25 26 27 28 29 30 31 32 33
4 5 6 8 9 10 11 12 14 15 17 18 20 21 22 24 25 27 28 31 32
16 17 18 19 26 27 28 29 30 31 32 33 34

26 26 -49 1 1 1 26 26 -49 1 1 1 -53 22 22 -3 16 16 -59 -9 -9 -9 -38 37 37 12 -38 37 37 12 -42
4 5 7 8 9 10 11 13 14 15 20 21 23 24 25 27 28 29 31 32 33
4 5 7 10 11 13 20 21 23 26 27 28 29 30 31 32 33
4 5 6 8 9 10 11 12 14 15 20 21 22 24 25 27 28 31 32
4 5 6 8 9 10 11 12 14 15 17 18 27 28 31 32
4 5 7 10 11 13 16 17 18 19 26 27 28 29 30 31 32 33 34
4 5 7 8 9 10 11 13 14 15 17 18 19 27 28 29 31 32 33

27 27 -48 -48 27 27 27 27 -48 -48 27 27 -6 -6 -6 -6 17 17 -58 -58 17 17 9 9 9 9 9 9 9 9 -24
4 5 8 9 10 11 14 15 20 21 24 25 26 27 28 29 30 31 32 33
4 5 7 8 9 10 11 13 14 15 20 21 23 24 25 26 29 30 33
4 5 6 8 9 10 11 12 14 15 20 21 22 24 25 27 28 31 32
4 5 6 8 9 10 11 12 14 15 17 18 27 28 31 32
4 5 7 8 9 10 11 13 14 15 16 19 26 29 30 33
4 5 8 9 10 11 14 15 16 17 18 19 26 27 28 29 30 31 32 33 34

33 33 -12 33 -12 -12 33 33 -12 33 -12 -12 -54 -24 -24 -24 -4 -4 -49 -4 -49 -49 -66 54 54 54 -66 54 54 54 -33
4 5 7 10 11 13 20 21 23 26 27 28 29 30 31 32 33
4 5 6 7 8 9 10 11 12 13 14 15 20 21 22 23 24 25 27 28 29 31 32 33
4 5 7 10 11 13 16 26 27 28 29 30 31 32 33 34
4 5 7 10 11 13 16 17 18 19 27 28 29 31 32 33 34
4 5 6 7 8 9 10 11 12 13 14 15 17 18 19 27 28 29 31 32 33

34 34 -36 9 14 14 34 34 -36 9 14 14 -32 -27 -27 -52 -3 -3 -73 -28 -23 -23 -44 51 51 26 -44 51 51 26 -15
4 5 7 8 9 10 11 13 14 15 20 21 23 24 25 27 28 29 31 32 33
4 5 7 10 11 13 20 21 23 26 27 28 29 30 31 32 33
4 5 6 8 9 10 11 12 14 15 20 21 22 24 25 27 28 31 32
4 5 7 10 11 13 16 26 27 28 29 30 31 32 33 34
4 5 6 8 9 10 11 12 14 15 17 18 27 28 31 32
4 5 7 8 9 10 11 13 14 15 16 17 18 19 27 28 29 31 32 33 34

34 34 34 -16 -16 -16 34 34 34 -16 -16 -16 98 98 -352 48 34 34 34 -16 -16 -16 98 -352 98 48 -352 98 98 48 162
4 5 6 7 8 9 10 11 12 13 14 15 16 17 19 20 21 22 23 24 25 26 28 29 31 32 33 34
4 6 8 17 20 22 24 26 27 28 29 31 34
5 6 9 11 12 15 16 17 18 19 28 32 34
10 11 13 16 20 21 23 26 30 31 32 33 34

42 42 -53 17 -3 -3 42 42 -53 17 -3 -3 -56 -1 -1 -26 15 15 -80 -10 -30 -30 -83 62 62 37 -83 62 62 37 -36
4 5 7 10 11 13 16 20 21 23 26 27 28 29 30 31 32 33 34
4 5 7 8 9 10 11 13 14 15 20 21 23 24 25 27 28 29 31 32 33
4 5 6 8 9 10 11 12 14 15 20 21 22 24 25 27 28 31 32
4 5 7 8 9 10 11 13 14 15 17 18 19 27 28 29 31 32 33
4 5 7 10 11 13 16 17 18 19 27 28 29 31 32 33 34
4 5 6 8 9 10 11 12 14 15 17 18 27 28 31 32

45 45 -5 -130 45 45 45 45 -5 -130 45 45 115 65 -385 115 45 45 -5 -130 45 45 115 -385 65 115 -110 65 65 -110 135
4 5 7 8 9 10 11 13 14 15 16 19 20 21 23 24 25 26 29
4 5 6 8 9 10 11 12 14 15 16 17 19 20 21 22 24 25 26 28 29 31 32 34
4 6 8 17 20 22 24 26 27 28 29 31 34
10 11 13 14 15 16 19 20 21 23 24 25 26 29 30 31 32 33 34
5 6 9 11 12 15 16 17 18 19 28 32 34

54 54 -46 49 24 24 54 54 -46 49 24 24 -397 28 28 23 -18 -18 -118 -23 -48 -48 71 46 46 -49 71 46 46 -49 45
4 5 6 8 9 10 11 12 14 15 20 21 22 24 25 27 28 31 32
4 5 7 8 9 10 11 13 14 15 20 21 23 24 25 26 27 28 30 31 32
4 5 7 8 9 10 11 13 14 15 17 18 19 26 27 28 30 31 32 34
4 5 7 10 11 13 16 17 18 19 26 30 34
4 5 6 8 9 10 11 12 14 15 17 18 27 28 31 32
7 8 9 13 14 15 19 23 24 25 26 27 28 29 30 31 32 33 34

57 57 -18 57 -18 -18 57 57 -18 57 -18 -18 -396 54 54 54 2 2 -73 2 -73 -73 24 24 24 24 24 24 24 24 21
4 5 6 7 8 9 10 11 12 13 14 15 20 21 22 23 24 25 27 28 29 31 32 33
4 5 7 10 11 13 20 21 23 26 27 28 29 30 31 32 33
4 5 6 7 8 9 10 11 12 13 14 15 17 18 19 27 28 29 31 32 33
4 5 7 10 11 13 16 17 18 19 26 30 34
4 5 7 10 11 13 17 18 19 26 27 28 29 30 31 32 33 34

58 58 -42 33 8 8 58 58 -42 33 8 8 -374 51 51 26 3 3 -97 -22 -47 -47 46 21 21 -4 46 21 21 -4 39
4 5 7 8 9 10 11 13 14 15 20 21 23 24 25 26 27 28 29 30 31 32 33
4 5 6 8 9 10 11 12 14 15 20 21 22 24 25 27 28 31 32
4 5 6 8 9 10 11 12 14 15 17 18 27 28 31 32
4 5 7 10 11 13 16 17 18 19 26 30 34
4 5 7 8 9 10 11 13 14 15 17 18 19 26 27 28 29 30 31 32 33 34

65 45 15 45 15 -5 65 45 15 45 15 -5 -395 25 5 5 -17 -37 -67 -37 -67 -87 88 -32 38 38 88 -32 38 38 48
4 6 8 10 12 14 20 22 24 26 27 28 29 30 31 32 33
4 5 6 7 8 9 10 11 12 13 14 15 20 21 22 23 24 25 26 28 29 30 32 33
4 5 6 7 8 9 10 11 12 13 14 15 17 18 19 26 28 29 30 32 33 34
4 5 7 10 11 13 16 17 18 19 26 30 34
4 6 8 10 12 14 17 26 27 28 29 30 31 32 33 34

66 66 -59 41 -9 -9 66 66 -59 41 -9 -9 -398 77 77 52 21 21 -104 -4 -54 -54 7 32 32 7 7 32 32 7 18
4 5 7 10 11 13 17 18 19 20 21 23 26 27 28 29 30 31 32 33 34
4 5 7 8 9 10 11 13 14 15 17 18 19 20 21 23 24 25 27 28 29 31 32 33
4 5 6 8 9 10 11 12 14 15 17 18 20 21 22 24 25 27 28 31 32
4 5 7 10 11 13 16 17 18 19 26 30 34

69 69 -81 -81 69 69 69 69 -81 -81 69 69 18 -132 -132 18 14 14 -136 -136 14 14 -12 63 63 -12 -12 63 63 -12 12
4 5 7 8 9 10 11 13 14 15 20 21 23 24 25 26 29 30 33
4 5 8 9 10 11 14 15 20 21 24 25 26 27 28 29 30 31 32 33
4 5 6 8 9 10 11 12 14 15 20 21 22 24 25 27 28 31 32
4 5 8 9 10 11 14 15 16 19 26 27 28 29 30 31 32 33 34
4 5 7 8 9 10 11 13 14 15 16 19 26 29 30 33
4 5 6 8 9 10 11 12 14 15 16 17 18 19 27 28 31 32 34

69 69 -56 -106 69 69 69 69 -56 -106 69 69 -107 -7 -7 -107 14 14 -111 -161 14 14 88 -37 -37 88 88 -37 -37 88 12
4 5 6 8 9 10 11 12 14 15 20 21 22 24 25 26 27 28 29 30 31 32 33
4 5 7 8 9 10 11 13 14 15 20 21 23 24 25 26 29 30 33
4 5 8 9 10 11 14 15 16 17 18 19 26 29 30 33 34
4 5 6 8 9 10 11 12 14 15 17 18 26 27 28 29 30 31 32 33 34
4 5 7 8 9 10 11 13 14 15 16 19 26 29 30 33

73 48 48 48 48 -52 28 3 3 3 3 -97 86 -364 61 61 28 3 3 3 3 -97 -364 86 61 61 41 41 16 16 99
4 5 6 7 8 10 11 12 13 14 16 18 19 20 21 22 23 24 27 28 29 30 31 32 33 34
4 6 8 10 12 14 16 17 18 19 27 31 34
4 5 7 16 20 21 23 26 27 28 29 30 34
5 6 7 8 9 11 12 13 14 15 18 19 21 22 23 24 25 28 29 32 33

73 73 -22 73 -22 -22 46 46 -49 46 -49 -49 -426 94 94 94 28 28 -67 28 -67 -67 6 -14 -14 -14 -21 49 49 49 27
4 5 7 10 11 13 17 18 19 20 21 23 26 30 31 32 33 34
4 5 6 7 8 9 10 11 12 13 14 15 17 18 19 20 21 22 23 24 25 31 32 33
4 5 7 10 11 13 16 17 18 19 26 30 34
4 5 7 17 18 19 20 21 23 26 27 28 29 31 32 33 34
4 5 6 7 8 9 17 18 19 20 21 22 23 24 25 27 28 29 31 32 33

74 74 -46 49 4 4 47 47 -73 22 -23 -23 -404 91 91 66 29 29 -91 4 -41 -41 28 -17 -17 -42 1 46 46 21 45
4 5 7 10 11 13 17 18 19 20 21 23 26 30 31 32 33 34
4 5 7 8 9 10 11 13 14 15 17 18 19 20 21 23 24 25 31 32 33
4 5 6 8 9 10 11 12 14 15 17 18 20 21 22 24 25 31 32
4 5 7 10 11 13 16 17 18 19 26 30 34
4 5 7 8 9 17 18 19 20 21 23 24 25 26 27 28 29 31 32 33 34
4 5 6 8 9 17 18 20 21 22 24 25 27 28 31 32

76 76 -69 -24 56 56 76 76 -69 -24 56 56 -8 -153 -153 -28 -6 -6 -151 -106 -26 -26 -65 105 105 5 -65 105 105 5 21
4 5 7 8 9 10 11 13 14 15 20 21 23 24 25 27 28 29 31 32 33
4 5 7 10 11 13 20 21 23 26 27 28 29 30 31 32 33
4 5 6 8 9 10 11 12 14 15 20 21 22 24 25 27 28 31 32
4 5 7 10 11 13 16 26 27 28 29 30 31 32 33 34
4 5 7 8 9 10 11 13 14 15 16 19 27 28 29 31 32 33 34
4 5 6 8 9 10 11 12 14 15 16 17 18 19 27 28 31 32 34

78 78 -97 -122 78 78 78 78 -97 -122 78 78 -109 16 16 -109 33 33 -142 -167 33 33 71 -29 -29 71 71 -29 -29 71 9
4 5 8 9 10 11 14 15 17 18 20 21 24 25 26 27 28 29 30 31 32 33 34
4 5 7 8 9 10 11 13 14 15 20 21 23 24 25 26 29 30 33
4 5 6 8 9 10 11 12 14 15 17 18 20 21 22 24 25 27 28 31 32
4 5 7 8 9 10 11 13 14 15 16 19 26 29 30 33
4 5 8 9 10 11 14 15 16 17 18 19 26 29 30 33 34

85 85 -110 -40 65 65 85 85 -110 -40 65 65 -10 -130 -130 -30 13 13 -182 -112 -7 -7 -82 113 113 -12 -82 113 113 -12 18
4 5 7 10 11 13 16 20 21 23 26 27 28 29 30 31 32 33 34
4 5 7 8 9 10 11 13 14 15 20 21 23 24 25 27 28 29 31 32 33
4 5 6 8 9 10 11 12 14 15 20 21 22 24 25 27 28 31 32
4 5 7 8 9 10 11 13 14 15 16 19 27 28 29 31 32 33 34
4 5 6 8 9 10 11 12 14 15 17 18 27 28 31 32
4 5 8 9 10 11 14 15 16 17 18 19 27 28 31 32 34

100 100 -50 -25 50 50 100 100 -50 -25 50 50 -475 50 50 -75 0 0 -150 -125 -50 -50 125 -25 -25 75 125 -25 -25 75 75
4 5 7 8 9 10 11 13 14 15 20 21 23 24 25 26 29 30 33
4 5 6 8 9 10 11 12 14 15 20 21 22 24 25 26 27 28 29 30 31 32 33
4 5 7 8 9 10 11 13 14 15 17 18 19 26 29 30 33 34
4 5 6 8 9 10 11 12 14 15 17 18 26 27 28 29 30 31 32 33 34
4 5 7 10 11 13 16 17 18 19 26 30 34

105 55 35 55 35 -15 60 10 -10 10 -10 -60 85 -385 15 15 33 -17 -37 -17 -37 -87 -392 128 78 78 13 83 33 33 108
4 5 7 10 11 13 16 20 21 23 27 28 29 30 31 32 33 34
4 5 6 7 8 9 10 11 12 13 14 15 20 21 22 23 24 25 27 28 29 31 32 33
4 5 6 7 8 9 10 11 12 13 14 15 16 18 19 27 28 29 31 32 33 34
4 6 8 10 12 14 16 17 18 19 27 31 34
4 5 7 16 20 21 23 26 27 28 29 30 34

109 109 -116 -16 59 59 64 64 -161 -61 14 14 53 -97 -97 3 64 64 -161 -61 14 14 -397 128 128 3 8 83 83 -42 72
4 5 7 8 9 10 11 13 14 15 16 19 20 21 23 24 25 27 28 29 30 31 32 33 34
4 5 6 8 9 10 11 12 14 15 20 21 22 24 25 27 28 31 32
4 5 8 9 10 11 14 15 16 17 18 19 27 28 31 32 34
4 5 6 8 9 10 11 12 14 15 17 18 27 28 31 32
4 5 7 16 20 21 23 26 27 28 29 30 34

109 109 -91 -41 59 59 109 109 -91 -41 59 59 -477 73 73 -77 19 19 -181 -131 -31 -31 108 -17 -17 58 108 -17 -17 58 72
4 5 7 8 9 10 11 13 14 15 20 21 23 24 25 26 29 30 33
4 5 8 9 10 11 14 15 17 18 20 21 24 25 26 27 28 29 30 31 32 33 34
4 5 6 8 9 10 11 12 14 15 17 18 20 21 22 24 25 27 28 31 32
4 5 7 10 11 13 16 17 18 19 26 30 34
4 5 7 8 9 10 11 13 14 15 17 18 19 26 29 30 33 34

116 96 -34 -29 66 46 116 96 -34 -29 66 46 -498 47 27 -98 -1 -21 -151 -146 -51 -71 150 -70 0 100 150 -70 0 100 81
4 6 8 10 12 14 17 20 22 24 26 27 28 29 30 31 32 33 34
4 5 7 8 9 10 11 13 14 15 20 21 23 24 25 26 29 30 33
4 5 6 8 9 10 11 12 14 15 20 21 22 24 25 26 28 29 30 32 33
4 5 6 8 9 10 11 12 14 15 17 18 26 28 29 30 32 33 34
4 5 7 8 9 10 11 13 14 15 17 18 19 26 29 30 33 34
4 5 7 10 11 13 16 17 18 19 26 30 34

116 116 -79 16 46 46 71 71 -124 -29 1 1 52 -143 -143 -18 44 44 -151 -56 -26 -26 -425 145 145 45 -20 100 100 0 81
4 5 7 10 11 13 16 20 21 23 27 28 29 30 31 32 33 34
4 5 7 8 9 10 11 13 14 15 20 21 23 24 25 27 28 29 31 32 33
4 5 6 8 9 10 11 12 14 15 20 21 22 24 25 27 28 31 32
4 5 7 8 9 10 11 13 14 15 16 19 27 28 29 31 32 33 34
4 5 6 8 9 10 11 12 14 15 16 17 18 19 27 28 31 32 34
4 5 7 16 20 21 23 26 27 28 29 30 34

120 120 -130 -155 120 120 75 75 -175 -200 75 75 95 -155 -155 95 75 75 -175 -200 75 75 -130 70 70 -130 50 25 25 50 45
4 5 8 9 10 11 14 15 16 19 20 21 24 25 27 28 30 31 32 33 34
4 5 7 8 9 10 11 13 14 15 16 19 20 21 23 24 25 30 33
4 5 6 8 9 10 11 12 14 15 20 21 22 24 25 27 28 31 32
4 5 6 8 9 10 11 12 14 15 16 17 18 19 27 28 31 32 34
4 5 8 9 16 19 20 21 24 25 26 27 28 29 30 33 34
4 5 7 8 9 16 19 20 21 23 24 25 26 29 30 33

140 90 -10 -35 90 40 95 45 -55 -80 45 -5 -465 110 60 -65 50 0 -100 -125 0 -50 165 -385 15 115 120 20 -30 70 135
4 5 7 8 9 10 11 13 14 15 20 21 23 24 25 26 29 30 33
4 5 6 8 9 10 11 12 14 15 17 18 20 21 22 24 25 26 28 29 30 31 32 33 34
4 5 7 8 9 10 11 13 14 15 17 18 19 26 29 30 33 34
4 5 7 10 11 13 16 17 18 19 26 30 34
4 6 8 17 20 22 24 26 27 28 29 31 34

151 151 -124 -74 101 101 106 106 -169 -119 56 56 -498 127 127 -98 61 61 -214 -164 11 11 132 -143 -143 82 87 37 37 37 108
4 5 7 8 9 10 11 13 14 15 20 21 23 24 25 26 29 30 33
4 5 8 9 10 11 14 15 17 18 20 21 24 25 26 29 30 31 32 33 34
4 5 6 8 9 10 11 12 14 15 17 18 20 21 22 24 25 31 32
4 5 7 10 11 13 16 17 18 19 26 30 34
4 5 7 8 9 10 11 13 14 15 17 18 19 26 29 30 33 34
4 5 6 8 9 17 18 20 21 22 24 25 26 27 28 29 31 32 34

25 25 -50 0 0 0 25 25 -50 0 0 0 -50 25 25 0 15 15 -60 -10 -10 -10 -35 40 40 15 -35 40 40 15 -60
4 5 7 8 9 10 11 13 14 15 20 21 23 24 25 27 28 29 31 32 33
4 5 7 10 11 13 20 21 23 26 27 28 29 30 31 32 33
4 5 6 8 9 10 11 12 14 15 20 21 22 24 25 27 28 31 32
4 5 6 8 9 10 11 12 14 15 17 18 27 28 31 32
4 5 7 10 11 13 16 17 18 19 26 27 28 29 30 31 32 33
4 5 7 8 9 10 11 13 14 15 17 18 19 27 28 29 31 32 33
16 17 18 19 26 27 28 29 30 31 32 33 34

26 26 -49 -49 26 26 26 26 -49 -49 26 26 -3 -3 -3 -3 16 16 -59 -59 16 16 12 12 12 12 12 12 12 12 -42
4 5 8 9 10 11 14 15 20 21 24 25 26 27 28 29 30 31 32 33
4 5 7 8 9 10 11 13 14 15 20 21 23 24 25 26 29 30 33
4 5 6 8 9 10 11 12 14 15 20 21 22 24 25 27 28 31 32
4 5 6 8 9 10 11 12 14 15 17 18 27 28 31 32
4 5 7 8 9 10 11 13 14 15 16 19 26 29 30 33
4 5 8 9 10 11 14 15 16 17 18 19 26 27 28 29 30 31 32 33
16 17 18 19 26 27 28 29 30 31 32 33 34

45 45 -50 20 0 0 45 45 -50 20 0 0 -65 -10 -10 -35 8 8 -87 -17 -37 -37 -77 68 68 43 -77 68 68 43 -42
4 5 7 8 9 10 11 13 14 15 20 21 23 24 25 27 28 29 31 32 33
4 5 7 10 11 13 20 21 23 26 27 28 29 30 31 32 33
4 5 6 8 9 10 11 12 14 15 20 21 22 24 25 27 28 31 32
4 5 6 8 9 10 11 12 14 15 17 18 27 28 31 32
4 5 7 8 9 10 11 13 14 15 17 18 19 27 28 29 31 32 33
4 5 7 10 11 13 16 26 27 28 29 30 31 32 33 34
4 5 7 10 11 13 16 17 18 19 27 28 29 31 32 33 34

57 57 -43 52 27 27 57 57 -43 52 27 27 -406 19 19 14 -25 -25 -125 -30 -55 -55 77 52 52 -43 77 52 52 -43 39
4 5 7 8 9 10 11 13 14 15 20 21 23 24 25 26 27 28 30 31 32
4 5 6 8 9 10 11 12 14 15 20 21 22 24 25 27 28 31 32
4 5 7 8 9 10 11 13 14 15 17 18 19 26 27 28 30 31 32 34
4 5 6 8 9 10 11 12 14 15 17 18 27 28 31 32
4 5 7 10 11 13 16 17 18 19 26 30 34
7 8 9 13 14 15 23 24 25 26 27 28 29 30 31 32 33
7 8 9 13 14 15 19 26 27 28 29 30 31 32 33 34

57 57 -18 -168 57 57 57 57 -18 -168 57 57 129 54 -396 129 57 57 -18 -168 57 57 129 -396 54 129 -96 54 54 -96 126
4 5 7 8 9 10 11 13 14 15 16 19 20 21 23 24 25 26 29
4 5 6 8 9 10 11 12 14 15 16 17 19 20 21 22 24 25 26 28 29 31 32 34
4 6 8 17 20 22 24 26 27 28 29 31 34
10 11 13 14 15 16 19 20 21 23 24 25 26 29 30 33
5 6 9 11 12 15 16 17 18 19 28 32 34
10 11 14 15 16 19 20 21 24 25 26 29 30 31 32 33 34

69 69 -56 44 -6 -6 69 69 -56 44 -6 -6 -407 68 68 43 14 14 -111 -11 -61 -61 13 38 38 13 13 38 38 13 12
4 5 7 8 9 10 11 13 14 15 20 21 23 24 25 27 28 29 31 32 33
4 5 7 10 11 13 20 21 23 26 27 28 29 30 31 32 33
4 5 6 8 9 10 11 12 14 15 20 21 22 24 25 27 28 31 32
4 5 7 8 9 10 11 13 14 15 17 18 19 27 28 29 31 32 33
4 5 6 8 9 10 11 12 14 15 17 18 27 28 31 32
4 5 7 10 11 13 16 17 18 19 26 30 34
4 5 7 10 11 13 17 18 19 26 27 28 29 30 31 32 33 34

81 81 -94 -119 81 81 81 81 -94 -119 81 81 -118 7 7 -118 26 26 -149 -174 26 26 77 -23 -23 77 77 -23 -23 77 3
4 5 8 9 10 11 14 15 20 21 24 25 26 27 28 29 30 31 32 33
4 5 7 8 9 10 11 13 14 15 20 21 23 24 25 26 29 30 33
4 5 6 8 9 10 11 12 14 15 20 21 22 24 25 27 28 31 32
4 5 7 8 9 10 11 13 14 15 16 19 26 29 30 33
4 5 6 8 9 10 11 12 14 15 17 18 27 28 31 32
4 5 8 9 10 11 14 15 17 18 26 27 28 29 30 31 32 33 34
4 5 8 9 10 11 14 15 16 17 18 19 26 29 30 33 34

85 85 -60 60 -10 -10 58 58 -87 33 -37 -37 -437 108 108 83 40 40 -105 15 -55 -55 -5 0 0 -25 -32 63 63 38 18
4 5 7 10 11 13 17 18 19 20 21 23 26 30 31 32 33 34
4 5 7 8 9 10 11 13 14 15 17 18 19 20 21 23 24 25 31 32 33
4 5 6 8 9 10 11 12 14 15 17 18 20 21 22 24 25 31 32
4 5 7 10 11 13 16 17 18 19 26 30 34
4 5 7 8 9 17 18 19 20 21 23 24 25 27 28 29 31 32 33
4 5 6 8 9 17 18 20 21 22 24 25 27 28 31 32
4 5 7 17 18 19 20 21 23 26 27 28 29 31 32 33 34

88 88 -107 -37 68 68 88 88 -107 -37 68 68 -19 -139 -139 -39 6 6 -189 -119 -14 -14 -76 119 119 -6 -76 119 119 -6 12
4 5 7 8 9 10 11 13 14 15 20 21 23 24 25 27 28 29 31 32 33
4 5 7 10 11 13 20 21 23 26 27 28 29 30 31 32 33
4 5 6 8 9 10 11 12 14 15 20 21 22 24 25 27 28 31 32
4 5 8 9 10 11 14 15 16 17 18 19 27 28 31 32 34
4 5 6 8 9 10 11 12 14 15 17 18 27 28 31 32
4 5 7 8 9 10 11 13 14 15 16 19 27 28 29 31 32 33 34
4 5 7 10 11 13 16 26 27 28 29 30 31 32 33 34

88 88 -12 -87 38 38 88 88 -12 -87 38 38 -464 111 111 -64 43 43 -57 -132 -7 -7 166 66 -384 116 166 -384 66 116 189
4 5 7 8 9 10 11 13 14 15 20 21 23 24 25 26 29 30 33
4 5 6 8 9 10 11 12 14 15 17 18 20 21 22 24 25 26 27 29 30 32 33 34
4 5 7 10 11 13 16 17 18 19 26 30 34
4 5 7 8 9 10 11 13 14 15 17 18 19 26 29 30 33 34
10 12 14 17 20 22 24 27 30 31 32 33 34
5 6 9 18 21 22 25 26 27 28 29 32 34

92 67 47 67 47 -53 47 22 2 22 2 -98 74 -396 29 29 20 -5 -25 -5 -25 -125 -403 117 92 92 2 72 47 47 99
4 5 7 10 11 13 16 20 21 23 27 28 29 30 31 32 33 34
4 5 6 7 8 10 11 12 13 14 20 21 22 23 24 27 28 29 31 32 33
4 5 6 7 8 10 11 12 13 14 16 18 19 27 28 29 31 32 33 34
4 6 8 10 12 14 16 17 18 19 27 31 34
4 5 7 16 20 21 23 26 27 28 29 30 34
5 6 7 8 9 11 12 13 14 15 21 22 23 24 25 28 29 32 33
5 6 7 8 9 11 12 13 14 15 18 19 28 29 32 33

112 112 -88 -38 62 62 112 112 -88 -38 62 62 -486 64 64 -86 12 12 -188 -138 -38 -38 114 -11 -11 64 114 -11 -11 64 66
4 5 7 8 9 10 11 13 14 15 20 21 23 24 25 26 29 30 33
4 5 8 9 10 11 14 15 20 21 24 25 26 27 28 29 30 31 32 33
4 5 6 8 9 10 11 12 14 15 20 21 22 24 25 27 28 31 32
4 5 6 8 9 10 11 12 14 15 17 18 27 28 31 32
4 5 8 9 10 11 14 15 17 18 26 27 28 29 30 31 32 33 34
4 5 7 8 9 10 11 13 14 15 17 18 19 26 29 30 33 34
4 5 7 10 11 13 16 17 18 19 26 30 34

119 99 -31 -26 69 49 119 99 -31 -26 69 49 -507 38 18 -107 -8 -28 -158 -153 -58 -78 156 -64 6 106 156 -64 6 106 75
4 5 7 8 9 10 11 13 14 15 20 21 23 24 25 26 29 30 33
4 5 6 8 9 10 11 12 14 15 20 21 22 24 25 26 28 29 30 32 33
4 6 8 10 12 14 20 22 24 26 27 28 29 30 31 32 33
4 5 6 8 9 10 11 12 14 15 17 18 26 28 29 30 32 33 34
4 5 7 10 11 13 16 17 18 19 26 30 34
4 5 7 8 9 10 11 13 14 15 17 18 19 26 29 30 33 34
4 6 8 10 12 14 17 26 27 28 29 30 31 32 33 34

128 128 -117 3 58 58 83 83 -162 -42 13 13 41 -129 -129 -29 56 56 -189 -69 -14 -14 -436 159 159 34 -31 114 114 -11 72
4 5 7 10 11 13 16 20 21 23 27 28 29 30 31 32 33 34
4 5 7 8 9 10 11 13 14 15 20 21 23 24 25 27 28 29 31 32 33
4 5 6 8 9 10 11 12 14 15 20 21 22 24 25 27 28 31 32
4 5 7 8 9 10 11 13 14 15 16 19 27 28 29 31 32 33 34
4 5 6 8 9 10 11 12 14 15 17 18 27 28 31 32
4 5 8 9 10 11 14 15 16 17 18 19 27 28 31 32 34
4 5 7 16 20 21 23 26 27 28 29 30 34

132 132 -168 -168 132 132 87 87 -213 -213 87 87 84 -141 -141 84 87 87 -213 -213 87 87 -141 84 84 -141 39 39 39 39 36
4 5 8 9 10 11 14 15 16 19 20 21 24 25 27 28 30 31 32 33 34
4 5 7 8 9 10 11 13 14 15 16 19 20 21 23 24 25 30 33
4 5 6 8 9 10 11 12 14 15 20 21 22 24 25 27 28 31 32
4 5 6 8 9 10 11 12 14 15 17 18 27 28 31 32
4 5 8 9 10 11 14 15 16 17 18 19 27 28 31 32 34
4 5 8 9 16 19 20 21 24 25 26 27 28 29 30 33 34
4 5 7 8 9 16 19 20 21 23 24 25 26 29 30 33

159 109 -36 9 89 39 114 64 -81 -36 44 -6 98 -497 -97 28 42 -8 -153 -108 -28 -78 -424 196 146 46 -19 151 101 1 135
4 5 7 10 11 13 16 20 21 23 27 28 29 30 31 32 33 34
4 5 7 8 9 10 11 13 14 15 20 21 23 24 25 27 28 29 31 32 33
4 5 6 8 9 10 11 12 14 15 20 21 22 24 25 27 28 31 32
4 5 7 8 9 10 11 13 14 15 16 19 27 28 29 31 32 33 34
4 6 8 10 12 14 16 17 18 19 27 31 34
4 5 6 8 9 10 11 12 14 15 16 18 19 27 28 31 32 34
4 5 7 16 20 21 23 26 27 28 29 30 34

163 163 -162 -87 113 113 118 118 -207 -132 68 68 -509 141 141 -109 73 73 -252 -177 23 23 121 -129 -129 71 76 51 51 26 99
4 5 7 8 9 10 11 13 14 15 20 21 23 24 25 26 29 30 33
4 5 8 9 10 11 14 15 17 18 20 21 24 25 26 29 30 31 32 33 34
4 5 6 8 9 10 11 12 14 15 17 18 20 21 22 24 25 31 32
4 5 7 10 11 13 16 17 18 19 26 30 34
4 5 7 8 9 10 11 13 14 15 17 18 19 26 29 30 33 34
4 5 6 8 9 17 18 20 21 22 24 25 27 28 31 32
4 5 8 9 17 18 20 21 24 25 26 27 28 29 31 32 34

194 144 -81 -81 144 94 104 54 -171 -171 54 4 178 -497 -97 128 104 54 -171 -171 54 4 -497 178 128 -97 88 88 38 38 162
4 5 8 9 10 11 14 15 16 19 20 21 24 25 27 28 30 31 32 33 34
4 5 7 8 9 10 11 13 14 15 16 19 20 21 23 24 25 30 33
4 5 6 8 9 10 11 12 14 15 20 21 22 24 25 27 28 31 32
4 5 6 8 9 10 11 12 14 15 16 18 19 27 28 31 32 34
4 6 8 10 12 14 16 17 18 19 27 31 34
4 5 7 8 9 16 19 20 21 23 24 25 27 28 29 30 33 34
4 5 7 16 20 21 23 26 27 28 29 30 34

