1 1 -1 -3 1 1 1 1 -1 -3 1 1 1 -1 -1 1 1 1 -1 -3 1 1 1 -1 -1 1 1 -1 -1 1
4 5 7 8 9 10 11 13 14 15 16 19 20 21 23 24 25 26 29 30 33
4 5 6 8 9 10 11 12 14 15 16 17 18 19 20 21 22 24 25 26 27 28 29 30 31 32 33

1 1 -1 1 -1 -1 1 1 -1 1 -1 -1 -3 1 1 1 1 1 -1 1 -1 -1 -3 1 1 1 -3 1 1 1
4 5 6 7 8 9 10 11 12 13 14 15 17 18 19 20 21 22 23 24 25 27 28 29 31 32 33
4 5 7 10 11 13 16 17 18 19 20 21 23 26 27 28 29 30 31 32 33

2 2 2 2 2 2 2 2 2 2 2 2 -6 -6 -6 -6 -4 -4 -4 -4 -4 -4 3 3 3 3 3 3 3 3
4 5 6 7 8 9 10 11 12 13 14 15 20 21 22 23 24 25 26 27 28 29 30 31 32 33
4 5 6 7 8 9 10 11 12 13 14 15 16 17 18 19 26 27 28 29 30 31 32 33

2 2 -4 -4 2 2 2 2 -4 -4 2 2 0 0 0 0 2 2 -4 -4 2 2 0 0 0 0 0 0 0 0
4 5 7 8 9 10 11 13 14 15 16 19 20 21 23 24 25 26 29 30 33
4 5 8 9 10 11 14 15 16 17 18 19 20 21 24 25 26 27 28 29 30 31 32 33
4 5 6 8 9 10 11 12 14 15 17 18 20 21 22 24 25 27 28 31 32

2 2 -4 0 0 0 2 2 -4 0 0 0 -4 2 2 0 2 2 -4 0 0 0 -4 2 2 0 -4 2 2 0
4 5 7 10 11 13 16 17 18 19 20 21 23 26 27 28 29 30 31 32 33
4 5 7 8 9 10 11 13 14 15 17 18 19 20 21 23 24 25 27 28 29 31 32 33
4 5 6 8 9 10 11 12 14 15 17 18 20 21 22 24 25 27 28 31 32

3 3 1 -1 3 3 3 3 1 -1 3 3 -5 -7 -7 -5 -3 -3 -5 -7 -3 -3 4 2 2 4 4 2 2 4
4 5 6 8 9 10 11 12 14 15 20 21 22 24 25 26 27 28 29 30 31 32 33
4 5 7 8 9 10 11 13 14 15 20 21 23 24 25 26 29 30 33
4 5 6 8 9 10 11 12 14 15 16 17 18 19 26 27 28 29 30 31 32 33
4 5 7 8 9 10 11 13 14 15 16 19 26 29 30 33

3 3 1 3 1 1 3 3 1 3 1 1 -9 -5 -5 -5 -3 -3 -5 -3 -5 -5 0 4 4 4 0 4 4 4
4 5 6 7 8 9 10 11 12 13 14 15 20 21 22 23 24 25 27 28 29 31 32 33
4 5 7 10 11 13 20 21 23 26 27 28 29 30 31 32 33
4 5 7 10 11 13 16 17 18 19 26 27 28 29 30 31 32 33
4 5 6 7 8 9 10 11 12 13 14 15 17 18 19 27 28 29 31 32 33

4 4 -2 -2 4 4 4 4 -2 -2 4 4 -6 -6 -6 -6 -2 -2 -8 -8 -2 -2 3 3 3 3 3 3 3 3
4 5 7 8 9 10 11 13 14 15 20 21 23 24 25 26 29 30 33
4 5 8 9 10 11 14 15 20 21 24 25 26 27 28 29 30 31 32 33
4 5 6 8 9 10 11 12 14 15 20 21 22 24 25 27 28 31 32
4 5 7 8 9 10 11 13 14 15 16 19 26 29 30 33
4 5 8 9 10 11 14 15 16 17 18 19 26 27 28 29 30 31 32 33
4 5 6 8 9 10 11 12 14 15 17 18 27 28 31 32

4 4 -2 2 2 2 4 4 -2 2 2 2 -10 -4 -4 -6 -2 -2 -8 -4 -4 -4 -1 5 5 3 -1 5 5 3
4 5 7 8 9 10 11 13 14 15 20 21 23 24 25 27 28 29 31 32 33
4 5 7 10 11 13 20 21 23 26 27 28 29 30 31 32 33
4 5 6 8 9 10 11 12 14 15 20 21 22 24 25 27 28 31 32
4 5 7 10 11 13 16 17 18 19 26 27 28 29 30 31 32 33
4 5 6 8 9 10 11 12 14 15 17 18 27 28 31 32
4 5 7 8 9 10 11 13 14 15 17 18 19 27 28 29 31 32 33

