45 45 75 45 75 75 45 45 75 45 75 75 -240 -240 -240 -164 -164 -134 -164 -134 -134 111 141 141 141 111 141 141 141 -174
4 5 6 7 8 9 10 11 12 13 14 15 20 21 22 23 24 25 26 27 28 29 30 31 32 33
4 5 6 7 8 9 10 11 12 13 14 15 17 18 19 26 27 28 29 30 31 32 33 34

55 55 -105 55 -105 -105 55 55 -105 55 -105 -105 100 100 100 88 88 -72 88 -72 -72 -297 133 133 133 -297 133 133 133 -252
4 5 7 10 11 13 17 18 19 20 21 23 26 27 28 29 30 31 32 33 34
4 5 6 7 8 9 10 11 12 13 14 15 17 18 19 20 21 22 23 24 25 27 28 29 31 32 33

187 187 -3 187 -3 -3 -167 -167 -357 -167 -357 -357 340 340 340 252 252 62 252 62 62 -231 -421 -421 -421 -585 405 405 405 -78
4 5 7 10 11 13 17 18 19 20 21 23 26 30 31 32 33 34
4 5 6 7 8 9 10 11 12 13 14 15 17 18 19 20 21 22 23 24 25 31 32 33
4 5 6 7 8 9 17 18 19 20 21 22 23 24 25 26 27 28 29 31 32 33 34

755 755 -2675 -1015 865 865 755 755 -2675 -1015 865 865 890 890 -880 854 854 -2576 -916 964 964 -891 989 989 -781 -891 989 989 -781 -756
4 5 7 8 9 10 11 13 14 15 17 18 19 20 21 23 24 25 26 27 28 29 30 31 32 33 34
4 5 6 8 9 10 11 12 14 15 17 18 20 21 22 24 25 27 28 31 32

1430 1430 -1550 -2995 1990 1990 1430 1430 -1550 -2995 1990 1990 -55 -55 -4480 341 341 -2639 -4084 901 901 1836 -1144 -1144 2396 1836 -1144 -1144 2396 351
4 5 7 8 9 10 11 13 14 15 20 21 23 24 25 26 29 30 33
4 5 6 8 9 10 11 12 14 15 17 18 20 21 22 24 25 26 27 28 29 30 31 32 33 34
4 5 7 8 9 10 11 13 14 15 17 18 19 26 29 30 33 34

1774 1774 -2491 -1766 1934 1934 181 181 -4084 -3359 341 341 2260 2260 -1280 1918 1918 -2347 -1622 2078 2078 297 -3968 -3968 457 -1296 2404 2404 -1136 783
4 5 7 8 9 10 11 13 14 15 17 18 19 20 21 23 24 25 26 29 30 31 32 33 34
4 5 6 8 9 10 11 12 14 15 17 18 20 21 22 24 25 31 32
4 5 6 8 9 17 18 20 21 22 24 25 26 27 28 29 31 32 34

2675 -865 3475 -865 3475 -65 2675 -865 3475 -865 3475 -65 -2860 -6400 -6400 -1384 -4924 -584 -4924 -584 -4124 4671 -6919 5471 5471 4671 -6919 5471 5471 -864
4 5 6 7 8 9 10 11 12 13 14 15 20 21 22 23 24 25 26 28 29 30 32 33
4 6 8 10 12 14 17 20 22 24 26 27 28 29 30 31 32 33 34
4 5 6 7 8 9 10 11 12 13 14 15 17 18 19 26 28 29 30 32 33 34

3053 -487 3043 -487 3043 -497 -133 -3673 -143 -3673 -143 -3683 3620 80 80 3044 -496 3034 -496 3034 -506 3267 -25063 3257 3257 81 3611 71 71 3834
4 5 6 7 8 9 10 11 12 13 14 15 17 18 19 20 21 22 23 24 25 26 28 29 30 31 32 33 34
4 6 8 17 20 22 24 26 27 28 29 31 34

-620 -620 2900 -4160 -640 -640 -620 -620 2900 -4160 -640 -640 3700 3700 160 2548 2548 6068 -992 2528 2528 3348 6868 -24992 3328 3348 -24992 6868 3328 7668
4 5 6 7 8 9 10 11 12 13 14 15 17 18 19 20 21 22 23 24 25 26 27 29 30 32 33 34
10 12 14 17 20 22 24 27 30 31 32 33 34
5 6 9 18 21 22 25 26 27 28 29 32 34

-306 -306 3384 -306 3384 -4581 -1899 -1899 1791 -1899 1791 -6174 2340 2340 2340 1422 1422 5112 1422 5112 -2853 1971 -26199 5661 5661 378 4068 -3897 -3897 4617
4 5 6 7 8 10 11 12 13 14 17 18 19 20 21 22 23 24 26 28 29 30 31 34
4 6 8 17 20 22 24 26 27 28 29 31 34
11 12 13 14 15 18 19 21 22 23 24 25 28 29 30 31 32 33 34
5 6 7 8 9 11 12 13 14 15 18 19 21 22 23 24 25 28 29

100 100 -30 100 -30 -30 100 100 -30 100 -30 -30 -140 -140 -140 -76 -76 -206 -76 -206 -206 -186 274 274 274 -186 274 274 274 -426
4 5 6 7 8 9 10 11 12 13 14 15 20 21 22 23 24 25 27 28 29 31 32 33
4 5 7 10 11 13 20 21 23 26 27 28 29 30 31 32 33
4 5 6 7 8 9 10 11 12 13 14 15 17 18 19 27 28 29 31 32 33
4 5 7 10 11 13 17 18 19 26 27 28 29 30 31 32 33 34

242 242 -108 242 -108 -108 -112 -112 -462 -112 -462 -462 440 440 440 340 340 -10 340 -10 -10 -528 -288 -288 -288 -882 538 538 538 -330
4 5 7 10 11 13 17 18 19 20 21 23 26 30 31 32 33 34
4 5 6 7 8 9 10 11 12 13 14 15 17 18 19 20 21 22 23 24 25 31 32 33
4 5 6 7 8 9 17 18 19 20 21 22 23 24 25 27 28 29 31 32 33
4 5 7 17 18 19 20 21 23 26 27 28 29 31 32 33 34

800 800 -2600 -970 940 940 800 800 -2600 -970 940 940 650 650 -1120 690 690 -2710 -1080 830 830 -780 1130 1130 -640 -780 1130 1130 -640 -930
4 5 7 8 9 10 11 13 14 15 20 21 23 24 25 26 27 28 29 30 31 32 33
4 5 6 8 9 10 11 12 14 15 20 21 22 24 25 27 28 31 32
4 5 7 8 9 10 11 13 14 15 17 18 19 26 27 28 29 30 31 32 33 34
4 5 6 8 9 10 11 12 14 15 17 18 27 28 31 32

810 810 -2780 -960 760 760 810 810 -2780 -960 760 760 990 990 -780 942 942 -2648 -828 892 892 -1188 1122 1122 -648 -1188 1122 1122 -648 -1008
4 5 7 10 11 13 17 18 19 20 21 23 26 27 28 29 30 31 32 33 34
4 5 7 8 9 10 11 13 14 15 17 18 19 20 21 23 24 25 27 28 29 31 32 33
4 5 6 8 9 10 11 12 14 15 17 18 20 21 22 24 25 27 28 31 32

942 942 -2678 -828 862 862 588 588 -3032 -1182 508 508 1230 1230 -540 1106 1106 -2514 -664 1026 1026 -1122 568 568 -1202 -1476 1394 1394 -376 -834
4 5 7 10 11 13 17 18 19 20 21 23 26 30 31 32 33 34
4 5 7 8 9 10 11 13 14 15 17 18 19 20 21 23 24 25 31 32 33
4 5 6 8 9 10 11 12 14 15 17 18 20 21 22 24 25 31 32
4 5 6 8 9 17 18 20 21 22 24 25 27 28 31 32
4 5 7 8 9 17 18 19 20 21 23 24 25 26 27 28 29 31 32 33 34

1475 1475 -1475 -2950 2065 2065 1475 1475 -1475 -2950 2065 2065 -295 -295 -4720 177 177 -2773 -4248 767 767 1947 -1003 -1003 2537 1947 -1003 -1003 2537 177
4 5 6 8 9 10 11 12 14 15 20 21 22 24 25 26 27 28 29 30 31 32 33
4 5 7 8 9 10 11 13 14 15 20 21 23 24 25 26 29 30 33
4 5 7 8 9 10 11 13 14 15 17 18 19 26 29 30 33 34
4 5 6 8 9 10 11 12 14 15 17 18 26 27 28 29 30 31 32 33 34

1660 -110 4340 -110 4340 -2740 1660 -110 4340 -110 4340 -2740 -3740 -5510 -5510 -2300 -4070 380 -4070 380 -6700 3780 -7700 6460 6460 3780 -7700 6460 6460 -1620
4 5 6 7 8 10 11 12 13 14 20 21 22 23 24 26 28 29 30 32 33
4 6 8 10 12 14 17 20 22 24 26 27 28 29 30 31 32 33 34
4 5 6 7 8 10 11 12 13 14 17 18 19 26 28 29 30 32 33 34
5 6 7 8 9 11 12 13 14 15 18 19 28 29 32 33
5 6 7 8 9 11 12 13 14 15 21 22 23 24 25 28 29 32 33

1961 1961 -2494 -1579 1931 1931 14 14 -4441 -3526 -16 -16 2600 2600 -940 2170 2170 -2285 -1370 2140 2140 66 -4389 -4389 36 -1881 2809 2809 -731 705
4 5 7 10 11 13 17 18 19 20 21 23 26 30 31 32 33 34
4 5 7 8 9 10 11 13 14 15 17 18 19 20 21 23 24 25 31 32 33
4 5 6 8 9 10 11 12 14 15 17 18 20 21 22 24 25 31 32
4 5 6 8 9 17 18 20 21 22 24 25 26 27 28 29 31 32 34
4 5 7 8 9 17 18 19 20 21 23 24 25 26 29 31 32 33 34

2038 268 3908 268 3908 -3172 -1148 -2918 722 -2918 722 -6358 2740 970 970 2128 358 3998 358 3998 -3082 2376 -25844 4246 4246 -810 2830 1060 1060 3078
4 5 6 7 8 10 11 12 13 14 17 18 19 20 21 22 23 24 26 28 29 30 31 32 33 34
4 6 8 17 20 22 24 26 27 28 29 31 34
5 6 7 8 9 11 12 13 14 15 18 19 21 22 23 24 25 28 29 32 33

2185 2185 -4225 -4010 2855 2855 2185 2185 -4225 -4010 2855 2855 835 835 -5360 1195 1195 -5215 -5000 1865 1865 945 -155 -155 1615 945 -155 -155 1615 -405
4 5 7 8 9 10 11 13 14 15 20 21 23 24 25 26 29 30 33
4 5 8 9 10 11 14 15 17 18 20 21 24 25 26 27 28 29 30 31 32 33 34
4 5 6 8 9 10 11 12 14 15 17 18 20 21 22 24 25 27 28 31 32
4 5 7 8 9 10 11 13 14 15 17 18 19 26 29 30 33 34

2529 2529 -5166 -2781 2799 2799 936 936 -6759 -4374 1206 1206 3150 3150 -2160 2772 2772 -4923 -2538 3042 3042 -594 -2979 -2979 -324 -2187 3393 3393 -1917 27
4 5 7 8 9 10 11 13 14 15 17 18 19 20 21 23 24 25 26 29 30 31 32 33 34
4 5 6 8 9 10 11 12 14 15 17 18 20 21 22 24 25 31 32
4 5 6 8 9 17 18 20 21 22 24 25 27 28 31 32
4 5 8 9 17 18 20 21 24 25 26 27 28 29 31 32 34

2720 -820 3550 -820 3550 10 2720 -820 3550 -820 3550 10 -3100 -6640 -6640 -1548 -5088 -718 -5088 -718 -4258 4782 -6778 5612 5612 4782 -6778 5612 5612 -1038
4 5 6 7 8 9 10 11 12 13 14 15 20 21 22 23 24 25 26 28 29 30 32 33
4 6 8 10 12 14 20 22 24 26 27 28 29 30 31 32 33
4 6 8 10 12 14 17 26 27 28 29 30 31 32 33 34
4 5 6 7 8 9 10 11 12 13 14 15 17 18 19 26 28 29 30 32 33 34

3204 3204 -4041 -4761 3924 3924 1611 1611 -5634 -6354 2331 2331 2205 2205 -5760 2259 2259 -4986 -5706 2979 2979 2133 -5112 -5112 2853 540 1260 1260 1260 1134
4 5 7 8 9 10 11 13 14 15 20 21 23 24 25 26 29 30 33
4 5 8 9 10 11 14 15 17 18 20 21 24 25 26 29 30 31 32 33 34
4 5 6 8 9 10 11 12 14 15 17 18 20 21 22 24 25 31 32
4 5 7 8 9 10 11 13 14 15 17 18 19 26 29 30 33 34
4 5 6 8 9 17 18 20 21 22 24 25 26 27 28 29 31 32 34

3240 -300 3040 -300 3040 -500 -300 -3840 -500 -3840 -500 -4040 3960 420 420 3296 -244 3096 -244 3096 -444 3036 -25484 2836 2836 -504 4016 476 476 3756
4 5 7 10 11 13 17 18 19 20 21 23 26 30 31 32 33 34
4 5 6 7 8 9 10 11 12 13 14 15 17 18 19 20 21 22 23 24 25 31 32 33
4 6 8 17 20 22 24 26 27 28 29 31 34
4 5 6 7 8 9 17 18 19 20 21 22 23 24 25 26 28 29 31 32 33 34

4105 565 1925 -3860 5465 1925 4105 565 1925 -3860 5465 1925 -2915 -6455 -10880 -1043 -4583 -3223 -9008 317 -3223 6507 -8063 4327 7867 6507 -8063 4327 7867 -513
4 5 7 8 9 10 11 13 14 15 20 21 23 24 25 26 29 30 33
4 5 6 8 9 10 11 12 14 15 20 21 22 24 25 26 28 29 30 32 33
4 6 8 10 12 14 17 20 22 24 26 27 28 29 30 31 32 33 34
4 5 6 8 9 10 11 12 14 15 17 18 26 28 29 30 32 33 34
4 5 7 8 9 10 11 13 14 15 17 18 19 26 29 30 33 34

4483 943 1493 -3482 5033 1493 1297 -2243 -1693 -6668 1847 -1693 3565 25 -4400 3385 -155 395 -4580 3935 395 5103 -26207 2113 5653 1917 2467 -1073 2467 4185
4 5 7 8 9 10 11 13 14 15 20 21 23 24 25 26 29 30 33
4 5 6 8 9 10 11 12 14 15 17 18 20 21 22 24 25 26 28 29 30 31 32 33 34
4 5 7 8 9 10 11 13 14 15 17 18 19 26 29 30 33 34
4 6 8 17 20 22 24 26 27 28 29 31 34

4827 1287 552 -2253 4977 1437 48 -3492 -4227 -7032 198 -3342 5880 2340 -1200 4962 1422 687 -2118 5112 1572 3564 -29031 -711 3714 -1215 6015 2475 -1065 4617
4 5 7 8 9 10 11 13 14 15 17 18 19 20 21 23 24 25 26 29 30 31 32 33 34
4 5 6 8 9 10 11 12 14 15 17 18 20 21 22 24 25 31 32
4 5 6 8 9 17 18 20 21 22 24 25 26 28 29 31 32 34
4 6 8 17 20 22 24 26 27 28 29 31 34

5728 -1352 6518 -1352 6518 -562 2542 -4538 3332 -4538 3332 -3748 760 -6320 -6320 1660 -5420 2450 -5420 2450 -4630 7938 -31982 8728 8728 4752 -3308 5542 5542 2970
4 5 6 7 8 9 10 11 12 13 14 15 20 21 22 23 24 25 26 28 29 30 32 33
4 6 8 10 12 14 17 20 22 24 26 28 29 30 31 32 33 34
4 5 6 7 8 9 10 11 12 13 14 15 17 18 19 26 28 29 30 32 33 34
4 6 8 17 20 22 24 26 27 28 29 31 34

449 449 -7256 -1321 4249 4249 -1144 -1144 -8849 -2914 2656 2656 3230 3230 1460 2276 2276 -5429 506 6076 6076 1080 6650 6650 -26980 -513 -2908 -2908 3287 3861
4 5 7 8 9 10 11 13 14 15 17 18 19 20 21 23 24 25 26 27 28 30 33 34
4 5 6 8 9 10 11 12 14 15 17 18 20 21 22 24 25 27 28
10 11 14 15 17 18 20 21 24 25 27 28 30 31 32 33 34
10 11 12 14 15 17 18 20 21 22 24 25 27 28 31 32
7 8 9 19 23 24 25 26 27 28 29 33 34

810 810 1350 -7155 1350 1350 810 810 1350 -7155 1350 1350 3645 3645 -4320 2889 2889 3429 -5076 3429 3429 5184 5724 -26136 5724 5184 -26136 5724 5724 8019
4 5 7 8 9 10 11 13 14 15 20 21 23 24 25 26 29 30 33
4 5 6 8 9 10 11 12 14 15 17 18 20 21 22 24 25 26 27 29 30 32 33 34
4 5 7 8 9 10 11 13 14 15 17 18 19 26 29 30 33 34
10 12 14 17 20 22 24 27 30 31 32 33 34
5 6 9 18 21 22 25 26 27 28 29 32 34

855 855 -2705 -915 835 835 855 855 -2705 -915 835 835 750 750 -1020 778 778 -2782 -992 758 758 -1077 1263 1263 -507 -1077 1263 1263 -507 -1182
4 5 7 10 11 13 20 21 23 26 27 28 29 30 31 32 33
4 5 7 8 9 10 11 13 14 15 20 21 23 24 25 27 28 29 31 32 33
4 5 6 8 9 10 11 12 14 15 20 21 22 24 25 27 28 31 32
4 5 7 8 9 10 11 13 14 15 17 18 19 27 28 29 31 32 33
4 5 6 8 9 10 11 12 14 15 17 18 27 28 31 32
4 5 7 10 11 13 17 18 19 26 27 28 29 30 31 32 33 34

997 997 -2783 -773 757 757 643 643 -3137 -1127 403 403 1330 1330 -440 1194 1194 -2586 -576 954 954 -1419 701 701 -1069 -1773 1527 1527 -243 -1086
4 5 7 10 11 13 17 18 19 20 21 23 26 30 31 32 33 34
4 5 7 8 9 10 11 13 14 15 17 18 19 20 21 23 24 25 31 32 33
4 5 6 8 9 10 11 12 14 15 17 18 20 21 22 24 25 31 32
4 5 7 8 9 17 18 19 20 21 23 24 25 27 28 29 31 32 33
4 5 7 17 18 19 20 21 23 26 27 28 29 31 32 33 34
4 5 6 8 9 17 18 20 21 22 24 25 27 28 31 32

1154 -2386 4834 -2386 -3131 1294 -439 -3979 3241 -3979 -4724 -299 5960 2420 2420 4466 926 8146 926 181 4606 3645 -28960 7325 -640 2052 9272 -26128 5732 8451
4 5 6 7 9 10 11 12 13 15 17 18 19 20 21 22 23 25 26 28 30 31 33 34
4 6 7 8 9 10 12 13 14 15 17 19 20 22 23 24 25 31 33
4 6 8 17 20 22 24 26 27 28 29 31 34
4 6 7 8 9 17 19 20 22 23 24 25 26 28 29 31 33 34
11 12 15 18 21 22 25 28 30 31 32 33 34

1705 -65 4415 -65 4415 -2665 1705 -65 4415 -65 4415 -2665 -3980 -5750 -5750 -2464 -4234 246 -4234 246 -6834 3891 -7559 6601 6601 3891 -7559 6601 6601 -1794
4 5 6 7 8 10 11 12 13 14 20 21 22 23 24 26 28 29 30 32 33
4 6 8 10 12 14 20 22 24 26 27 28 29 30 31 32 33
4 5 6 7 8 10 11 12 13 14 17 18 19 26 28 29 30 32 33 34
4 6 8 10 12 14 17 26 27 28 29 30 31 32 33 34
5 6 7 8 9 11 12 13 14 15 18 19 28 29 32 33
5 6 7 8 9 11 12 13 14 15 21 22 23 24 25 28 29 32 33

2225 455 3905 455 3905 -3175 -1315 -3085 365 -3085 365 -6715 3080 1310 1310 2380 610 4060 610 4060 -3020 2145 -26265 3825 3825 -1395 3235 1465 1465 3000
4 5 6 7 8 10 11 12 13 14 17 18 19 20 21 22 23 24 31 32 33
4 5 7 10 11 13 17 18 19 20 21 23 26 30 31 32 33 34
4 5 6 7 8 17 18 19 20 21 22 23 24 26 28 29 31 32 33 34
4 6 8 17 20 22 24 26 27 28 29 31 34
5 6 7 8 9 18 19 21 22 23 24 25 28 29 32 33
5 6 7 8 9 11 12 13 14 15 18 19 21 22 23 24 25 32 33

2230 2230 -4150 -3965 2930 2930 2230 2230 -4150 -3965 2930 2930 595 595 -5600 1031 1031 -5349 -5164 1731 1731 1056 -14 -14 1756 1056 -14 -14 1756 -579
4 5 7 8 9 10 11 13 14 15 20 21 23 24 25 26 29 30 33
4 5 8 9 10 11 14 15 20 21 24 25 26 27 28 29 30 31 32 33
4 5 6 8 9 10 11 12 14 15 20 21 22 24 25 27 28 31 32
4 5 6 8 9 10 11 12 14 15 17 18 27 28 31 32
4 5 7 8 9 10 11 13 14 15 17 18 19 26 29 30 33 34
4 5 8 9 10 11 14 15 17 18 26 27 28 29 30 31 32 33 34

2716 2716 -5169 -2594 2796 2796 769 769 -7116 -4541 849 849 3490 3490 -1820 3024 3024 -4861 -2286 3104 3104 -825 -3400 -3400 -745 -2772 3798 3798 -1512 -51
4 5 7 10 11 13 17 18 19 20 21 23 26 30 31 32 33 34
4 5 7 8 9 10 11 13 14 15 17 18 19 20 21 23 24 25 31 32 33
4 5 6 8 9 10 11 12 14 15 17 18 20 21 22 24 25 31 32
4 5 7 8 9 17 18 19 20 21 23 24 25 26 29 31 32 33 34
4 5 8 9 17 18 20 21 24 25 26 27 28 29 31 32 34
4 5 6 8 9 17 18 20 21 22 24 25 27 28 31 32

3959 3959 -6716 -5776 4789 4789 2366 2366 -8309 -7369 3196 3196 3095 3095 -6640 3113 3113 -7562 -6622 3943 3943 1242 -4123 -4123 2072 -351 2249 2249 479 378
4 5 7 8 9 10 11 13 14 15 20 21 23 24 25 26 29 30 33
4 5 8 9 10 11 14 15 17 18 20 21 24 25 26 29 30 31 32 33 34
4 5 6 8 9 10 11 12 14 15 17 18 20 21 22 24 25 31 32
4 5 7 8 9 10 11 13 14 15 17 18 19 26 29 30 33 34
4 5 8 9 17 18 20 21 24 25 26 27 28 29 31 32 34
4 5 6 8 9 17 18 20 21 22 24 25 27 28 31 32

4150 610 2000 -3815 5540 2000 4150 610 2000 -3815 5540 2000 -3155 -6695 -11120 -1207 -4747 -3357 -9172 183 -3357 6618 -7922 4468 8008 6618 -7922 4468 8008 -687
4 5 7 8 9 10 11 13 14 15 20 21 23 24 25 26 29 30 33
4 5 6 8 9 10 11 12 14 15 20 21 22 24 25 26 28 29 30 32 33
4 6 8 10 12 14 20 22 24 26 27 28 29 30 31 32 33
4 5 6 8 9 10 11 12 14 15 17 18 26 28 29 30 32 33 34
4 6 8 10 12 14 17 26 27 28 29 30 31 32 33 34
4 5 7 8 9 10 11 13 14 15 17 18 19 26 29 30 33 34

4713 -597 7383 -597 7383 -3237 1527 -3783 4197 -3783 4197 -6423 -120 -5430 -5430 744 -4566 3414 -4566 3414 -7206 7047 -32763 9717 9717 3861 -4089 6531 6531 2214
4 5 6 7 8 10 11 12 13 14 20 21 22 23 24 26 28 29 30 32 33
4 6 8 10 12 14 17 20 22 24 26 28 29 30 31 32 33 34
4 5 6 7 8 10 11 12 13 14 17 18 19 26 28 29 30 32 33 34
4 6 8 17 20 22 24 26 27 28 29 31 34
5 6 7 8 9 11 12 13 14 15 21 22 23 24 25 28 29 32 33
5 6 7 8 9 11 12 13 14 15 18 19 28 29 32 33

5014 1474 549 -2066 4974 1434 -119 -3659 -4584 -7199 -159 -3699 6220 2680 -860 5214 1674 749 -1866 5174 1634 3333 -29452 -1132 3293 -1800 6420 2880 -660 4539
4 5 7 10 11 13 17 18 19 20 21 23 26 30 31 32 33 34
4 5 7 8 9 10 11 13 14 15 17 18 19 20 21 23 24 25 31 32 33
4 5 6 8 9 10 11 12 14 15 17 18 20 21 22 24 25 31 32
4 5 7 8 9 17 18 19 20 21 23 24 25 26 29 31 32 33 34
4 5 6 8 9 17 18 20 21 22 24 25 26 28 29 31 32 34
4 6 8 17 20 22 24 26 27 28 29 31 34

6257 2717 -998 -5248 6967 3427 1478 -2062 -5777 -10027 2188 -1352 5825 2285 -5680 5303 1763 -1952 -6202 6013 2473 5400 -30175 -1855 6110 621 4871 1331 1331 4968
4 5 7 8 9 10 11 13 14 15 20 21 23 24 25 26 29 30 33
4 5 8 9 10 11 14 15 17 18 20 21 24 25 26 29 30 31 32 33 34
4 5 6 8 9 10 11 12 14 15 17 18 20 21 22 24 25 31 32
4 5 7 8 9 10 11 13 14 15 17 18 19 26 29 30 33 34
4 6 8 17 20 22 24 26 27 28 29 31 34
4 5 6 8 9 17 18 20 21 22 24 25 26 28 29 31 32 34

7158 78 4968 -4347 8508 1428 3972 -3108 1782 -7533 5322 -1758 705 -6375 -10800 2001 -5079 -189 -9504 3351 -3729 9774 -33126 7584 11124 6588 -4452 4398 7938 3321
4 5 7 8 9 10 11 13 14 15 20 21 23 24 25 26 29 30 33
4 5 6 8 9 10 11 12 14 15 20 21 22 24 25 26 28 29 30 32 33
4 6 8 10 12 14 17 20 22 24 26 28 29 30 31 32 33 34
4 5 7 8 9 10 11 13 14 15 17 18 19 26 29 30 33 34
4 5 6 8 9 10 11 12 14 15 17 18 26 28 29 30 32 33 34
4 6 8 17 20 22 24 26 27 28 29 31 34

