-1827 -67 -67 -1832 -1832 -72 -243 1517 1517 -248 -248 1512 45 1805 40 -243 1517 1517 -248 -248 1512 45 1805 40 1629 1629 -12496 1624 1917
4 5 6 7 8 9 10 11 12 13 14 15 17 18 19 20 21 22 23 24 25 26 28 29 30 31 33 34
11 12 15 18 21 22 25 28 30 31 32 33 34

-369 256 256 256 256 -884 -336 289 289 289 289 -851 -330 295 295 -336 289 289 289 289 -851 -330 295 295 -297 -297 328 328 -291
4 5 6 7 8 10 11 12 13 14 17 18 19 20 21 22 23 24 26 28 29 30 31 32 33 34
5 6 7 8 9 11 12 13 14 15 18 19 21 22 23 24 25 28 29 32 33

-155 9 9 9 9 -180 -78 86 86 86 86 -103 -64 100 100 -78 86 86 86 86 -103 -64 100 100 13 13 -176 -176 27
4 5 6 7 8 10 11 12 13 14 17 18 19 20 21 22 23 24 26 28 29 30 31 34
11 12 13 14 15 18 19 21 22 23 24 25 28 29 30 31 32 33 34
5 6 7 8 9 11 12 13 14 15 18 19 21 22 23 24 25 28 29

14413 20728 -5747 20728 -5747 568 -17498 -11183 -37658 -11183 -37658 -31343 29650 35965 35965 21332 27647 1172 27647 1172 7487 -30360 -50520 -50520 -62271 36569 42884 42884 -15123
4 5 7 10 11 13 17 18 19 20 21 23 26 30 31 32 33 34
4 5 6 7 8 9 10 11 12 13 14 15 17 18 19 20 21 22 23 24 25 31 32 33
4 5 6 7 8 9 17 18 19 20 21 22 23 24 25 26 28 29 31 32 33 34

182754 262114 -420941 -239146 205634 284994 28611 107971 -575084 -393289 51491 130851 238860 318220 -183040 203346 282706 -400349 -218554 226226 305586 -31185 -634880 -8305 -185328 259452 338812 -162448 24921
4 5 7 8 9 10 11 13 14 15 17 18 19 20 21 23 24 25 26 29 30 31 32 33 34
4 5 6 8 9 10 11 12 14 15 17 18 20 21 22 24 25 31 32
4 5 6 8 9 17 18 20 21 22 24 25 26 28 29 31 32 34

-1982 -58 -58 -1823 -1823 -252 -321 1603 1603 -162 -162 1409 -19 1905 140 -321 1603 1603 -162 -162 1409 -19 1905 140 1642 1642 -12672 1448 1944
4 5 6 7 8 10 11 12 13 14 17 18 19 20 21 22 23 24 26 28 29 30 31 34
11 12 13 14 15 18 19 21 22 23 24 25 28 29 30 31 33 34
11 12 15 18 21 22 25 28 30 31 32 33 34
5 6 7 8 9 11 12 13 14 15 18 19 21 22 23 24 25 28 29

-524 265 265 265 265 -1064 -414 375 375 375 375 -954 -394 395 395 -414 375 375 375 375 -954 -394 395 395 -284 -284 152 152 -264
4 5 6 7 8 10 11 12 13 14 17 18 19 20 21 22 23 24 26 28 29 30 31 34
5 6 7 8 9 11 12 13 14 15 18 19 21 22 23 24 25 28 29
11 12 13 14 18 19 21 22 23 24 28 29 30 31 32 33 34
11 12 13 14 15 18 19 21 22 23 24 25 28 29 32 33

14044 20984 -5491 20984 -5491 -316 -17834 -10894 -37369 -10894 -37369 -32194 29320 36260 36260 20996 27936 1461 27936 1461 6636 -30690 -50225 -50225 -62568 36272 43212 43212 -15414
4 5 6 7 8 10 11 12 13 14 17 18 19 20 21 22 23 24 31 32 33
4 5 7 10 11 13 17 18 19 20 21 23 26 30 31 32 33 34
4 5 6 7 8 17 18 19 20 21 22 23 24 26 28 29 31 32 33 34
5 6 7 8 9 11 12 13 14 15 18 19 21 22 23 24 25 32 33
5 6 7 8 9 18 19 21 22 23 24 25 28 29 32 33

180927 260282 -422773 -239213 205567 284922 28368 107723 -575332 -391772 53008 132363 238905 318260 -181235 203103 282458 -400597 -217037 227743 307098 -31140 -634840 -6500 -183699 261081 340436 -174944 26838
4 5 7 8 9 10 11 13 14 15 17 18 19 20 21 23 24 25 26 29 30 31 32 34
4 5 6 8 9 10 11 12 14 15 17 18 20 21 22 24 25 31 32
4 5 6 8 9 17 18 20 21 22 24 25 26 28 29 31 32 34
13 14 15 19 23 24 25 29 30 31 32 33 34

197167 282842 -426688 -218418 199887 285562 11113 96788 -612742 -404472 13833 99508 268510 354185 -147075 224678 310353 -399177 -190907 227398 313073 -61545 -685400 -58825 -247599 296021 381696 -119564 9798
4 5 7 10 11 13 17 18 19 20 21 23 26 30 31 32 33 34
4 5 7 8 9 10 11 13 14 15 17 18 19 20 21 23 24 25 31 32 33
4 5 6 8 9 10 11 12 14 15 17 18 20 21 22 24 25 31 32
4 5 6 8 9 17 18 20 21 22 24 25 26 28 29 31 32 34
4 5 7 8 9 17 18 19 20 21 23 24 25 26 29 31 32 33 34

365508 467748 -660087 -660087 467748 569988 231957 334197 -793638 -793638 334197 436437 207675 309915 -817920 231957 334197 -793638 -793638 334197 436437 207675 -817920 309915 74124 74124 176364 176364 49842
4 5 7 8 9 10 11 13 14 15 20 21 23 24 25 26 29 30 33
4 5 8 9 10 11 14 15 17 18 20 21 24 25 26 29 30 31 32 33 34
4 5 6 8 9 10 11 12 14 15 17 18 20 21 22 24 25 31 32
4 5 7 8 9 10 11 13 14 15 17 18 19 26 29 30 33 34
4 5 6 8 9 17 18 20 21 22 24 25 26 28 29 31 32 34

