3 3 -2 3 -2 -2 3 -2 -2 -2 3 3 -2 3 -2 -2 3 -2 -2 -2 -24 6 6 6 6
10 11 13 16 20 21 23 26 30 31 32 33 34
10 11 12 13 14 15 16 17 18 19 20 21 22 23 24 25 26 27 28 29 31 32 33 34

11 11 -9 11 -9 -9 -39 11 11 11 11 11 -9 11 -9 -9 -39 11 11 11 12 -8 -8 -8 12
10 11 12 13 14 15 17 18 19 20 21 22 23 24 25 27 28 29 30 31 32 33 34
10 11 13 16 17 18 19 20 21 23 26 27 28 29 30 34

13 13 -17 13 -17 -17 -27 13 13 13 13 13 -17 13 -17 -17 -27 13 13 13 -24 16 16 16 -24
10 11 13 16 17 18 19 20 21 23 26 27 28 29 30 31 32 33 34
10 11 12 13 14 15 17 18 19 20 21 22 23 24 25 27 28 29 31 32 33

14 14 -41 -6 9 9 -6 9 9 -11 14 14 -41 -6 9 9 -6 9 9 -11 -32 18 18 -2 -2
10 11 13 16 20 21 23 26 30 31 32 33 34
10 11 13 14 15 16 17 18 19 20 21 23 24 25 26 27 28 29 31 32 33 34
10 11 12 14 15 17 18 20 21 22 24 25 27 28 31 32

16 16 -19 16 -19 -19 -24 11 11 11 16 16 -19 16 -19 -19 -24 11 11 11 -48 22 22 22 -18
10 11 13 16 20 21 23 26 30 31 32 33 34
10 11 13 16 17 18 19 20 21 23 26 27 28 29 31 32 33 34
10 11 12 13 14 15 17 18 19 20 21 22 23 24 25 27 28 29 31 32 33

22 22 -48 2 2 2 -48 22 22 2 22 22 -48 2 2 2 -48 22 22 2 4 4 4 -16 4
10 11 13 14 15 17 18 19 20 21 23 24 25 27 28 29 30 31 32 33 34
10 11 13 16 17 18 19 20 21 23 26 27 28 29 30 34
10 11 12 14 15 17 18 20 21 22 24 25 27 28 31 32

24 24 -36 -6 4 4 -56 24 24 -6 24 24 -36 -6 4 4 -56 24 24 -6 28 -32 -32 8 28
10 11 13 16 17 18 19 20 21 23 26 27 28 29 30 34
10 11 13 14 15 17 18 19 20 21 23 24 25 27 28 29 30 33 34
10 11 12 14 15 17 18 20 21 22 24 25 27 28 30 31 32 33 34

24 24 -26 24 -26 -26 -66 24 24 24 24 24 -26 24 -26 -26 -66 24 24 24 -12 8 8 8 -12
10 11 13 17 18 19 20 21 23 27 28 29 30 31 32 33 34
10 11 13 16 17 18 19 20 21 23 26 27 28 29 30 34
10 11 12 13 14 15 17 18 19 20 21 22 23 24 25 27 28 29 31 32 33

20 20 -50 5 5 5 -50 20 20 5 20 20 -50 5 5 5 -50 20 20 5 10 10 10 -40 10
10 11 13 14 15 17 18 19 20 21 23 24 25 27 28 29 30 31 32 34
10 11 13 16 17 18 19 20 21 23 26 27 28 29 30 34
10 11 12 14 15 17 18 20 21 22 24 25 27 28 31 32
13 14 15 19 23 24 25 29 30 31 32 33 34

27 27 -58 7 -8 -8 -33 22 22 2 27 27 -58 7 -8 -8 -33 22 22 2 -56 34 34 14 -26
10 11 13 16 20 21 23 26 30 31 32 33 34
10 11 13 16 17 18 19 20 21 23 26 27 28 29 31 32 33 34
10 11 13 14 15 17 18 19 20 21 23 24 25 27 28 29 31 32 33
10 11 12 14 15 17 18 20 21 22 24 25 27 28 31 32

35 35 -65 15 -15 -15 -75 35 35 15 35 35 -65 15 -15 -15 -75 35 35 15 -20 20 20 0 -20
10 11 13 17 18 19 20 21 23 27 28 29 30 31 32 33 34
10 11 13 16 17 18 19 20 21 23 26 27 28 29 30 34
10 11 13 14 15 17 18 19 20 21 23 24 25 27 28 29 31 32 33
10 11 12 14 15 17 18 20 21 22 24 25 27 28 31 32

