2 2 -3 2 -3 -3 -6 3 3 3 2 2 -3 2 -3 -3 -6 3 3 3 2 2 2 -6
10 11 13 16 17 18 19 20 21 23 26 27 28 29 31 32 33 34
10 11 12 13 14 15 17 18 19 20 21 22 23 24 25 27 28 29 31 32 33

6 6 -23 -6 7 7 -6 7 7 -5 6 6 -23 -6 7 7 -6 7 7 -5 6 6 -6 -6
10 11 13 14 15 16 17 18 19 20 21 23 24 25 26 27 28 29 31 32 33 34
10 11 12 14 15 17 18 20 21 22 24 25 27 28 31 32

0 0 14 0 14 -28 0 -28 14 14 0 0 14 0 14 -28 0 -28 14 14 0 0 0 0
10 11 12 13 14 16 18 19 20 21 22 23 24 26 28 29 31 32 33 34
10 12 14 16 17 18 19 20 22 24 26 27 28 29 31 34
11 12 13 14 15 18 19 21 22 23 24 25 28 29 32 33

8 8 -26 -4 4 4 -12 10 10 -2 8 8 -26 -4 4 4 -12 10 10 -2 8 8 -4 -12
10 11 13 16 17 18 19 20 21 23 26 27 28 29 31 32 33 34
10 11 13 14 15 17 18 19 20 21 23 24 25 27 28 29 31 32 33
10 11 12 14 15 17 18 20 21 22 24 25 27 28 31 32

