2 2 -3 2 -3 -3 -3 2 2 2 -3 2 2 2 -3
20 21 23 26 27 28 29 30 31 32 33 34
20 21 22 23 24 25 27 28 29 31 32 33

3 3 -2 3 -2 -2 3 -2 -2 -2 -12 3 3 3 3
20 21 22 23 24 25 26 27 28 29 31 32 33 34
20 21 23 26 30 31 32 33 34

5 5 -5 5 -5 -5 0 0 0 0 -15 5 5 5 0
20 21 22 23 24 25 27 28 29 31 32 33
20 21 23 26 30 31 32 33 34
20 21 23 26 27 28 29 31 32 33 34

6 6 -14 1 1 1 1 1 1 -4 -14 6 6 1 1
20 21 22 24 25 27 28 31 32
20 21 23 26 30 31 32 33 34
20 21 23 24 25 26 27 28 29 31 32 33 34

4 4 4 4 4 -16 4 -16 4 4 -16 4 4 4 4
20 21 23 26 30 31 32 33 34
20 21 22 23 24 26 28 29 31 32 33 34
20 22 24 26 27 28 29 31 34
21 22 23 24 25 28 29 32 33

8 8 -17 3 -2 -2 -2 3 3 -2 -17 8 8 3 -2
20 21 23 24 25 27 28 29 31 32 33
20 21 22 24 25 27 28 31 32
20 21 23 26 30 31 32 33 34
20 21 23 26 27 28 29 31 32 33 34

