_application fan
_version 2.2
_type SymmetricFan

AMBIENT_DIM
18

DIM
8

LINEALITY_DIM
6

RAYS
-2 -2 -5 2 2 -1 3 3 3 3 0 -5 4 4 -1 -4 -4 0	# 0
-2 2 3 -2 2 3 -5 -1 -5 -1 0 3 4 -4 3 4 -4 0	# 1
2 -2 3 2 -2 3 -1 -5 -1 -5 0 3 -4 4 3 -4 4 0	# 2
2 2 -1 -2 -2 -5 3 3 3 3 0 -1 -4 -4 -5 4 4 0	# 3
4 4 -15 4 4 -15 7 7 7 7 -12 -15 10 10 -15 10 10 -12	# 4
4 4 7 4 4 7 -15 -15 -15 -15 -12 7 10 10 7 10 10 -12	# 5
-28 -6 -5 -6 16 17 -5 17 -5 17 18 -5 -4 18 17 18 -92 18	# 6
-6 -28 -5 16 -6 17 17 -5 17 -5 18 -5 18 -4 17 -92 18 18	# 7
-6 16 17 -28 -6 -5 -5 17 -5 17 18 17 18 -92 -5 -4 18 18	# 8
16 -6 17 -6 -28 -5 17 -5 17 -5 18 17 -92 18 -5 18 -4 18	# 9

N_RAYS
10

LINEALITY_SPACE
1 0 0 0 -1 -1 0 -1 0 -1 -1 0 0 -1 -1 -1 -2 -1
0 1 0 0 1 0 0 1 0 1 0 1 0 1 1 0 1 1
0 0 1 0 0 1 0 0 0 0 1 -1 0 0 -1 0 0 -1
0 0 0 1 1 1 0 0 0 0 0 -1 -1 -1 0 0 0 -1
0 0 0 0 0 0 1 1 0 0 0 1 1 1 1 1 1 2
0 0 0 0 0 0 0 0 1 1 1 1 1 1 1 1 1 1

ORTH_LINEALITY_SPACE
1 0 0 0 0 0 0 -1 0 0 0 0 0 -1 -1 -1 2 1
0 1 0 0 0 0 0 -1 0 0 0 0 0 -1 -1 0 1 1
0 0 1 0 0 0 0 -1 0 0 0 0 0 -1 0 -1 1 1
0 0 0 1 0 0 0 -1 0 0 0 0 0 0 -1 -1 1 1
0 0 0 0 1 0 0 -1 0 0 0 0 0 0 -1 0 0 1
0 0 0 0 0 1 0 -1 0 0 0 0 0 0 0 -1 0 1
0 0 0 0 0 0 1 -1 0 0 0 0 0 0 0 -1 1 0
0 0 0 0 0 0 0 0 1 0 0 0 0 -1 -1 -1 1 1
0 0 0 0 0 0 0 0 0 1 0 0 0 -1 -1 0 0 1
0 0 0 0 0 0 0 0 0 0 1 0 0 -1 0 -1 0 1
0 0 0 0 0 0 0 0 0 0 0 1 0 -1 -1 0 1 0
0 0 0 0 0 0 0 0 0 0 0 0 1 -1 0 -1 1 0

F_VECTOR
1 10 15

SIMPLICIAL
1

PURE
1

SYMMETRY_GENERATORS
0 3 6 1 4 7 2 5 11 14 17 8 12 15 9 13 16 10
1 0 2 4 3 5 7 6 9 8 10 11 13 12 14 16 15 17

CONES_ORBITS
{}	# New orbit	# Dimension 6
{3}	# New orbit	# Dimension 7
{5}	# New orbit
{9}	# New orbit
{7 8}	# New orbit	# Dimension 8
{3 4}	# New orbit
{4 5}	# New orbit
{3 9}	# New orbit

MAXIMAL_CONES_ORBITS
{7 8}	# New orbit	# Dimension 8
{3 4}	# New orbit
{4 5}	# New orbit
{3 9}	# New orbit

