_application fan
_version 2.2
_type SymmetricFan

AMBIENT_DIM
16

DIM
8

LINEALITY_DIM
6

RAYS
-1 -1 -1 1 1 1 -1 -1 -1 1 1 1 2 2 2 -6	# 0
-1 1 1 -1 -1 1 -1 1 1 -1 -1 1 2 2 -6 2	# 1
1 -1 1 -1 1 -1 1 -1 1 -1 1 -1 2 -6 2 2	# 2
1 1 -1 1 -1 -1 1 1 -1 1 -1 -1 -6 2 2 2	# 3
-13 5 5 5 5 -7 -13 5 5 5 5 -7 6 6 -6 -6	# 4
-7 5 5 5 5 -13 -7 5 5 5 5 -13 -6 -6 6 6	# 5
5 -13 5 5 -7 5 5 -13 5 5 -7 5 6 -6 6 -6	# 6
5 -7 5 5 -13 5 5 -7 5 5 -13 5 -6 6 -6 6	# 7
5 5 -13 -7 5 5 5 5 -13 -7 5 5 -6 6 6 -6	# 8
5 5 -7 -13 5 5 5 5 -7 -13 5 5 6 -6 -6 6	# 9

N_RAYS
10

LINEALITY_SPACE
1 0 0 0 0 -1 0 -1 -1 -1 -1 -2 0 0 -1 -1
0 1 0 0 -1 0 0 1 0 0 -1 0 0 -1 0 -1
0 0 1 0 1 1 0 0 1 0 1 1 0 1 1 1
0 0 0 1 1 1 0 0 0 1 1 1 0 0 0 1
0 0 0 0 0 0 1 1 1 1 1 1 0 0 0 0
0 0 0 0 0 0 0 0 0 0 0 0 1 1 1 1

ORTH_LINEALITY_SPACE
1 0 0 0 0 -1 0 0 0 0 0 0 -1 -1 1 1
0 1 0 0 0 -1 0 0 0 0 0 0 -1 0 0 1
0 0 1 0 0 -1 0 0 0 0 0 0 0 -1 0 1
0 0 0 1 0 -1 0 0 0 0 0 0 -1 0 1 0
0 0 0 0 1 -1 0 0 0 0 0 0 0 -1 1 0
0 0 0 0 0 0 1 0 0 0 0 -1 -1 -1 1 1
0 0 0 0 0 0 0 1 0 0 0 -1 -1 0 0 1
0 0 0 0 0 0 0 0 1 0 0 -1 0 -1 0 1
0 0 0 0 0 0 0 0 0 1 0 -1 -1 0 1 0
0 0 0 0 0 0 0 0 0 0 1 -1 0 -1 1 0

F_VECTOR
1 10 15

SIMPLICIAL
1

PURE
1

SYMMETRY_GENERATORS
0 2 1 4 3 5 6 8 7 10 9 11 13 12 14 15
0 3 4 1 2 5 6 9 10 7 8 11 12 13 15 14
1 0 2 3 5 4 7 6 8 9 11 10 12 14 13 15
6 7 8 9 10 11 0 1 2 3 4 5 12 13 14 15

CONES_ORBITS
{}	# New orbit	# Dimension 6
{3}	# New orbit	# Dimension 7
{9}	# New orbit
{3 8}	# New orbit	# Dimension 8
{8 9}	# New orbit

MAXIMAL_CONES_ORBITS
{3 8}	# New orbit	# Dimension 8
{8 9}	# New orbit

