_application fan
_version 2.2
_type SymmetricFan

AMBIENT_DIM
18

DIM
8

LINEALITY_DIM
6

RAYS
-2 -2 -2 1 1 1 1 1 1 1 1 1 1 1 1 -2 -2 -2	# 0
-2 1 1 -2 1 1 1 1 -2 -2 1 1 1 1 -2 1 1 -2	# 1
1 -2 1 1 -2 1 1 -2 1 1 -2 1 1 -2 1 1 -2 1	# 2
1 1 -2 1 1 -2 -2 1 1 1 1 -2 -2 1 1 -2 1 1	# 3
1 1 1 -2 -2 -2 1 1 1 1 1 1 -2 -2 -2 1 1 1	# 4
1 1 1 1 1 1 -2 -2 -2 -2 -2 -2 1 1 1 1 1 1	# 5

N_RAYS
6

LINEALITY_SPACE
1 0 0 0 -1 -1 0 0 -1 0 -1 -1 0 0 -1 -1 -1 -2
0 1 0 0 1 0 0 -1 0 0 1 0 0 -1 0 0 -1 0
0 0 1 0 0 1 0 1 1 0 0 1 0 1 1 0 1 1
0 0 0 1 1 1 0 0 0 0 0 0 -1 -1 -1 0 0 0
0 0 0 0 0 0 1 1 1 0 0 0 1 1 1 1 1 1
0 0 0 0 0 0 0 0 0 1 1 1 1 1 1 1 1 1

ORTH_LINEALITY_SPACE
1 0 0 0 0 0 0 0 -1 0 0 -1 0 0 0 -1 0 2
0 1 0 0 0 0 0 0 -1 0 0 -1 0 0 0 -1 1 1
0 0 1 0 0 0 0 0 -1 0 0 -1 0 0 0 0 0 1
0 0 0 1 0 0 0 0 -1 0 0 -1 0 0 1 -1 0 1
0 0 0 0 1 0 0 0 -1 0 0 -1 0 0 1 -1 1 0
0 0 0 0 0 1 0 0 -1 0 0 -1 0 0 1 0 0 0
0 0 0 0 0 0 1 0 -1 0 0 0 0 0 0 -1 0 1
0 0 0 0 0 0 0 1 -1 0 0 0 0 0 0 0 -1 1
0 0 0 0 0 0 0 0 0 1 0 -1 0 0 0 -1 0 1
0 0 0 0 0 0 0 0 0 0 1 -1 0 0 0 -1 1 0
0 0 0 0 0 0 0 0 0 0 0 0 1 0 -1 -1 0 1
0 0 0 0 0 0 0 0 0 0 0 0 0 1 -1 0 -1 1

F_VECTOR
1 6 9

SIMPLICIAL
1

PURE
1

SYMMETRY_GENERATORS
0 1 2 9 10 11 12 13 14 3 4 5 6 7 8 15 16 17
0 2 1 3 5 4 7 6 8 9 11 10 13 12 14 16 15 17
1 0 2 4 3 5 6 8 7 10 9 11 12 14 13 15 17 16
3 4 5 0 1 2 6 7 8 9 10 11 15 16 17 12 13 14
6 12 15 7 13 16 0 3 9 8 14 17 1 4 10 2 5 11

CONES_ORBITS
{}	# New orbit	# Dimension 6
{5}	# New orbit	# Dimension 7
{3 5}	# New orbit	# Dimension 8

MAXIMAL_CONES_ORBITS
{3 5}	# New orbit	# Dimension 8

