_application fan
_version 2.2
_type SymmetricFan

AMBIENT_DIM
19

DIM
9

LINEALITY_DIM
6

RAYS
-1 -1 -1 -1 -1 -1 2 2 2 -1 -1 -1 2 2 2 2 2 2 -9	# 0
-5 2 2 -5 2 2 3 3 -4 -5 2 2 3 3 -4 3 3 -4 -3	# 1
2 -5 2 2 -5 2 3 -4 3 2 -5 2 3 -4 3 3 -4 3 -3	# 2
2 2 -5 2 2 -5 -4 3 3 2 2 -5 -4 3 3 -4 3 3 -3	# 3
-5 -5 -5 2 2 2 3 3 3 2 2 2 3 3 3 -4 -4 -4 -3	# 4
2 2 2 -5 -5 -5 3 3 3 2 2 2 -4 -4 -4 3 3 3 -3	# 5
2 2 2 2 2 2 -4 -4 -4 -5 -5 -5 3 3 3 3 3 3 -3	# 6
-26 -5 -5 -5 16 16 -4 -4 17 -5 16 16 -4 -4 17 17 17 -88 18	# 7
-5 -26 -5 16 -5 16 -4 17 -4 16 -5 16 -4 17 -4 17 -88 17 18	# 8
-5 -5 -26 16 16 -5 17 -4 -4 16 16 -5 17 -4 -4 -88 17 17 18	# 9
-5 16 16 -26 -5 -5 -4 -4 17 -5 16 16 17 17 -88 -4 -4 17 18	# 10
-5 16 16 -5 16 16 17 17 -88 -26 -5 -5 -4 -4 17 -4 -4 17 18	# 11
16 -5 16 -5 -26 -5 -4 17 -4 16 -5 16 17 -88 17 -4 17 -4 18	# 12
16 -5 16 16 -5 16 17 -88 17 -5 -26 -5 -4 17 -4 -4 17 -4 18	# 13
16 16 -5 -5 -5 -26 17 -4 -4 16 16 -5 -88 17 17 17 -4 -4 18	# 14
16 16 -5 16 16 -5 -88 17 17 -5 -5 -26 17 -4 -4 17 -4 -4 18	# 15
-55 -13 -13 -13 29 29 40 40 -44 -13 29 29 40 40 -44 -44 -44 -2 9	# 16
-13 -55 -13 29 -13 29 40 -44 40 29 -13 29 40 -44 40 -44 -2 -44 9	# 17
-13 -13 -55 29 29 -13 -44 40 40 29 29 -13 -44 40 40 -2 -44 -44 9	# 18
-13 29 29 -55 -13 -13 40 40 -44 -13 29 29 -44 -44 -2 40 40 -44 9	# 19
-13 29 29 -13 29 29 -44 -44 -2 -55 -13 -13 40 40 -44 40 40 -44 9	# 20
29 -13 29 -13 -55 -13 40 -44 40 29 -13 29 -44 -2 -44 40 -44 40 9	# 21
29 -13 29 29 -13 29 -44 -2 -44 -13 -55 -13 40 -44 40 40 -44 40 9	# 22
29 29 -13 -13 -13 -55 -44 40 40 29 29 -13 -2 -44 -44 -44 40 40 9	# 23
29 29 -13 29 29 -13 -2 -44 -44 -13 -13 -55 -44 40 40 -44 40 40 9	# 24

N_RAYS
25

LINEALITY_SPACE
1 0 0 0 -1 -1 0 0 -1 0 -1 -1 0 0 -1 -1 -1 -2 -1
0 1 0 0 1 0 0 -1 0 0 1 0 0 -1 0 0 -1 0 -1
0 0 1 0 0 1 0 1 1 0 0 1 0 1 1 0 1 1 1
0 0 0 1 1 1 0 0 0 0 0 0 -1 -1 -1 0 0 0 -1
0 0 0 0 0 0 1 1 1 0 0 0 1 1 1 1 1 1 2
0 0 0 0 0 0 0 0 0 1 1 1 1 1 1 1 1 1 1

ORTH_LINEALITY_SPACE
1 0 0 0 0 0 0 0 -1 0 0 0 0 0 -1 -1 -1 2 1
0 1 0 0 0 0 0 0 -1 0 0 0 0 0 -1 -1 0 1 1
0 0 1 0 0 0 0 0 -1 0 0 0 0 0 -1 0 -1 1 1
0 0 0 1 0 0 0 0 -1 0 0 0 0 0 0 -1 -1 1 1
0 0 0 0 1 0 0 0 -1 0 0 0 0 0 0 -1 0 0 1
0 0 0 0 0 1 0 0 -1 0 0 0 0 0 0 0 -1 0 1
0 0 0 0 0 0 1 0 -1 0 0 0 0 0 0 -1 0 1 0
0 0 0 0 0 0 0 1 -1 0 0 0 0 0 0 0 -1 1 0
0 0 0 0 0 0 0 0 0 1 0 0 0 0 -1 -1 -1 1 1
0 0 0 0 0 0 0 0 0 0 1 0 0 0 -1 -1 0 0 1
0 0 0 0 0 0 0 0 0 0 0 1 0 0 -1 0 -1 0 1
0 0 0 0 0 0 0 0 0 0 0 0 1 0 -1 -1 0 1 0
0 0 0 0 0 0 0 0 0 0 0 0 0 1 -1 0 -1 1 0

F_VECTOR
1 25 105 105

SIMPLICIAL
1

PURE
1

SYMMETRY_GENERATORS
0 1 2 9 10 11 12 13 14 3 4 5 6 7 8 15 16 17 18
0 2 1 3 5 4 7 6 8 9 11 10 13 12 14 16 15 17 18
1 0 2 4 3 5 6 8 7 10 9 11 12 14 13 15 17 16 18
3 4 5 0 1 2 6 7 8 9 10 11 15 16 17 12 13 14 18

CONES_ORBITS
{}	# New orbit	# Dimension 6
{0}	# New orbit	# Dimension 7
{3}	# New orbit
{6}	# New orbit
{15}	# New orbit
{24}	# New orbit
{0 3}	# New orbit	# Dimension 8
{0 6}	# New orbit
{3 6}	# New orbit
{3 15}	# New orbit
{6 15}	# New orbit
{3 24}	# New orbit
{6 24}	# New orbit
{13 14}	# New orbit
{13 24}	# New orbit
{14 24}	# New orbit
{0 3 6}	# New orbit	# Dimension 9
{9 11 12}	# New orbit
{3 6 15}	# New orbit
{3 6 24}	# New orbit
{6 13 24}	# New orbit
{3 14 24}	# New orbit
{13 14 24}	# New orbit

MAXIMAL_CONES_ORBITS
{0 3 6}	# New orbit	# Dimension 9
{9 11 12}	# New orbit
{3 6 15}	# New orbit
{3 6 24}	# New orbit
{6 13 24}	# New orbit
{3 14 24}	# New orbit
{13 14 24}	# New orbit

