_application fan
_version 2.2
_type SymmetricFan

AMBIENT_DIM
34

DIM
12

LINEALITY_DIM
7

RAYS
-3 -3 -3 -3 -3 -3 4 4 4 -3 -3 -3 4 4 4 4 4 4 -9 -3 -3 -3 4 4 4 4 4 4 -9 4 4 4 -9 -9	# 0
-9 -9 -9 -1 -1 -1 0 0 0 -1 -1 -1 0 0 0 8 8 8 9 -1 -1 -1 0 0 0 8 8 8 9 8 8 8 9 -63	# 1
-1 -1 -1 -9 -9 -9 0 0 0 -1 -1 -1 8 8 8 0 0 0 9 -1 -1 -1 8 8 8 0 0 0 9 8 8 8 -63 9	# 2
-1 -1 -1 -1 -1 -1 8 8 8 -9 -9 -9 0 0 0 0 0 0 9 -1 -1 -1 8 8 8 8 8 8 -63 0 0 0 9 9	# 3
-1 -1 -1 -1 -1 -1 8 8 8 -1 -1 -1 8 8 8 8 8 8 -63 -9 -9 -9 0 0 0 0 0 0 9 0 0 0 9 9	# 4
-5 1 1 -5 1 1 -4 -4 -8 -5 1 1 6 6 2 6 6 2 -3 -5 1 1 6 6 2 6 6 2 -3 -4 -4 -8 -3 -3	# 5
-5 1 1 -5 1 1 6 6 2 -5 1 1 -4 -4 -8 6 6 2 -3 -5 1 1 6 6 2 -4 -4 -8 -3 6 6 2 -3 -3	# 6
-5 1 1 -5 1 1 6 6 2 -5 1 1 6 6 2 -4 -4 -8 -3 -5 1 1 -4 -4 -8 6 6 2 -3 6 6 2 -3 -3	# 7
1 -5 1 1 -5 1 -4 -8 -4 1 -5 1 6 2 6 6 2 6 -3 1 -5 1 6 2 6 6 2 6 -3 -4 -8 -4 -3 -3	# 8
1 -5 1 1 -5 1 6 2 6 1 -5 1 -4 -8 -4 6 2 6 -3 1 -5 1 6 2 6 -4 -8 -4 -3 6 2 6 -3 -3	# 9
1 -5 1 1 -5 1 6 2 6 1 -5 1 6 2 6 -4 -8 -4 -3 1 -5 1 -4 -8 -4 6 2 6 -3 6 2 6 -3 -3	# 10
1 1 -5 1 1 -5 -8 -4 -4 1 1 -5 2 6 6 2 6 6 -3 1 1 -5 2 6 6 2 6 6 -3 -8 -4 -4 -3 -3	# 11
1 1 -5 1 1 -5 2 6 6 1 1 -5 -8 -4 -4 2 6 6 -3 1 1 -5 2 6 6 -8 -4 -4 -3 2 6 6 -3 -3	# 12
1 1 -5 1 1 -5 2 6 6 1 1 -5 2 6 6 -8 -4 -4 -3 1 1 -5 -8 -4 -4 2 6 6 -3 2 6 6 -3 -3	# 13
-1 0 0 -1 0 0 -1 -1 0 0 1 1 0 0 1 0 0 1 0 0 1 1 0 0 1 0 0 1 0 1 1 -8 1 1	# 14
-1 0 0 0 1 1 0 0 1 -1 0 0 -1 -1 0 0 0 1 0 0 1 1 0 0 1 1 1 -8 1 0 0 1 0 1	# 15
-1 0 0 0 1 1 0 0 1 0 1 1 0 0 1 1 1 -8 1 -1 0 0 -1 -1 0 0 0 1 0 0 0 1 0 1	# 16
0 -1 0 0 -1 0 -1 0 -1 1 0 1 0 1 0 0 1 0 0 1 0 1 0 1 0 0 1 0 0 1 -8 1 1 1	# 17
0 -1 0 1 0 1 0 1 0 0 -1 0 -1 0 -1 0 1 0 0 1 0 1 0 1 0 1 -8 1 1 0 1 0 0 1	# 18
0 -1 0 1 0 1 0 1 0 1 0 1 0 1 0 1 -8 1 1 0 -1 0 -1 0 -1 0 1 0 0 0 1 0 0 1	# 19
0 0 -1 0 0 -1 0 -1 -1 1 1 0 1 0 0 1 0 0 0 1 1 0 1 0 0 1 0 0 0 -8 1 1 1 1	# 20
0 0 -1 1 1 0 1 0 0 0 0 -1 0 -1 -1 1 0 0 0 1 1 0 1 0 0 -8 1 1 1 1 0 0 0 1	# 21
0 0 -1 1 1 0 1 0 0 1 1 0 1 0 0 -8 1 1 1 0 0 -1 0 -1 -1 1 0 0 0 1 0 0 0 1	# 22
0 1 1 -1 0 0 0 0 1 -1 0 0 0 0 1 -1 -1 0 0 0 1 1 1 1 -8 0 0 1 1 0 0 1 1 0	# 23
0 1 1 -1 0 0 0 0 1 0 1 1 1 1 -8 0 0 1 1 -1 0 0 0 0 1 -1 -1 0 0 0 0 1 1 0	# 24
0 1 1 0 1 1 1 1 -8 -1 0 0 0 0 1 0 0 1 1 -1 0 0 0 0 1 0 0 1 1 -1 -1 0 0 0	# 25
1 0 1 0 -1 0 0 1 0 0 -1 0 0 1 0 -1 0 -1 0 1 0 1 1 -8 1 0 1 0 1 0 1 0 1 0	# 26
1 0 1 0 -1 0 0 1 0 1 0 1 1 -8 1 0 1 0 1 0 -1 0 0 1 0 -1 0 -1 0 0 1 0 1 0	# 27
1 0 1 1 0 1 1 -8 1 0 -1 0 0 1 0 0 1 0 1 0 -1 0 0 1 0 0 1 0 1 -1 0 -1 0 0	# 28
1 1 0 0 0 -1 1 0 0 0 0 -1 1 0 0 0 -1 -1 0 1 1 0 -8 1 1 1 0 0 1 1 0 0 1 0	# 29
1 1 0 0 0 -1 1 0 0 1 1 0 -8 1 1 1 0 0 1 0 0 -1 1 0 0 0 -1 -1 0 1 0 0 1 0	# 30
1 1 0 1 1 0 -8 1 1 0 0 -1 1 0 0 1 0 0 1 0 0 -1 1 0 0 1 0 0 1 0 -1 -1 0 0	# 31
-5 -5 -5 -5 -5 -5 0 0 0 1 1 1 6 6 6 6 6 6 -9 1 1 1 6 6 6 6 6 6 -9 -8 -8 -8 -3 -3	# 32
-5 -5 -5 1 1 1 6 6 6 -5 -5 -5 0 0 0 6 6 6 -9 1 1 1 6 6 6 -8 -8 -8 -3 6 6 6 -9 -3	# 33
-5 -5 -5 1 1 1 6 6 6 1 1 1 6 6 6 -8 -8 -8 -3 -5 -5 -5 0 0 0 6 6 6 -9 6 6 6 -9 -3	# 34
1 1 1 -5 -5 -5 6 6 6 -5 -5 -5 6 6 6 0 0 0 -9 1 1 1 -8 -8 -8 6 6 6 -3 6 6 6 -3 -9	# 35
1 1 1 -5 -5 -5 6 6 6 1 1 1 -8 -8 -8 6 6 6 -3 -5 -5 -5 6 6 6 0 0 0 -9 6 6 6 -3 -9	# 36
1 1 1 1 1 1 -8 -8 -8 -5 -5 -5 6 6 6 6 6 6 -3 -5 -5 -5 6 6 6 6 6 6 -3 0 0 0 -9 -9	# 37
-9 3 3 -9 3 3 4 4 -4 -9 3 3 4 4 -4 4 4 -4 -3 -9 3 3 4 4 -4 4 4 -4 -3 4 4 -4 -3 -3	# 38
3 -9 3 3 -9 3 4 -4 4 3 -9 3 4 -4 4 4 -4 4 -3 3 -9 3 4 -4 4 4 -4 4 -3 4 -4 4 -3 -3	# 39
3 3 -9 3 3 -9 -4 4 4 3 3 -9 -4 4 4 -4 4 4 -3 3 3 -9 -4 4 4 -4 4 4 -3 -4 4 4 -3 -3	# 40
-5 3 3 -5 3 3 -12 -12 -4 -5 3 3 8 8 -4 8 8 -4 1 -5 3 3 8 8 -4 8 8 -4 1 -12 -12 -4 1 1	# 41
-5 3 3 -5 3 3 8 8 -4 -5 3 3 -12 -12 -4 8 8 -4 1 -5 3 3 8 8 -4 -12 -12 -4 1 8 8 -4 1 1	# 42
-5 3 3 -5 3 3 8 8 -4 -5 3 3 8 8 -4 -12 -12 -4 1 -5 3 3 -12 -12 -4 8 8 -4 1 8 8 -4 1 1	# 43
3 -5 3 3 -5 3 -12 -4 -12 3 -5 3 8 -4 8 8 -4 8 1 3 -5 3 8 -4 8 8 -4 8 1 -12 -4 -12 1 1	# 44
3 -5 3 3 -5 3 8 -4 8 3 -5 3 -12 -4 -12 8 -4 8 1 3 -5 3 8 -4 8 -12 -4 -12 1 8 -4 8 1 1	# 45
3 -5 3 3 -5 3 8 -4 8 3 -5 3 8 -4 8 -12 -4 -12 1 3 -5 3 -12 -4 -12 8 -4 8 1 8 -4 8 1 1	# 46
3 3 -5 3 3 -5 -4 -12 -12 3 3 -5 -4 8 8 -4 8 8 1 3 3 -5 -4 8 8 -4 8 8 1 -4 -12 -12 1 1	# 47
3 3 -5 3 3 -5 -4 8 8 3 3 -5 -4 -12 -12 -4 8 8 1 3 3 -5 -4 8 8 -4 -12 -12 1 -4 8 8 1 1	# 48
3 3 -5 3 3 -5 -4 8 8 3 3 -5 -4 8 8 -4 -12 -12 1 3 3 -5 -4 -12 -12 -4 8 8 1 -4 8 8 1 1	# 49
-9 1 1 -9 1 1 2 2 -8 -5 5 5 6 6 -4 6 6 -4 -3 -5 5 5 6 6 -4 6 6 -4 -3 -10 -10 0 1 1	# 50
-9 1 1 -5 5 5 6 6 -4 -9 1 1 2 2 -8 6 6 -4 -3 -5 5 5 6 6 -4 -10 -10 0 1 6 6 -4 -3 1	# 51
-9 1 1 -5 5 5 6 6 -4 -5 5 5 6 6 -4 -10 -10 0 1 -9 1 1 2 2 -8 6 6 -4 -3 6 6 -4 -3 1	# 52
-5 5 5 -9 1 1 6 6 -4 -9 1 1 6 6 -4 2 2 -8 -3 -5 5 5 -10 -10 0 6 6 -4 1 6 6 -4 1 -3	# 53
-5 5 5 -9 1 1 6 6 -4 -5 5 5 -10 -10 0 6 6 -4 1 -9 1 1 6 6 -4 2 2 -8 -3 6 6 -4 1 -3	# 54
-5 5 5 -5 5 5 -10 -10 0 -9 1 1 6 6 -4 6 6 -4 1 -9 1 1 6 6 -4 6 6 -4 1 2 2 -8 -3 -3	# 55
1 -9 1 1 -9 1 2 -8 2 5 -5 5 6 -4 6 6 -4 6 -3 5 -5 5 6 -4 6 6 -4 6 -3 -10 0 -10 1 1	# 56
1 -9 1 5 -5 5 6 -4 6 1 -9 1 2 -8 2 6 -4 6 -3 5 -5 5 6 -4 6 -10 0 -10 1 6 -4 6 -3 1	# 57
1 -9 1 5 -5 5 6 -4 6 5 -5 5 6 -4 6 -10 0 -10 1 1 -9 1 2 -8 2 6 -4 6 -3 6 -4 6 -3 1	# 58
1 1 -9 1 1 -9 -8 2 2 5 5 -5 -4 6 6 -4 6 6 -3 5 5 -5 -4 6 6 -4 6 6 -3 0 -10 -10 1 1	# 59
1 1 -9 5 5 -5 -4 6 6 1 1 -9 -8 2 2 -4 6 6 -3 5 5 -5 -4 6 6 0 -10 -10 1 -4 6 6 -3 1	# 60
1 1 -9 5 5 -5 -4 6 6 5 5 -5 -4 6 6 0 -10 -10 1 1 1 -9 -8 2 2 -4 6 6 -3 -4 6 6 -3 1	# 61
5 -5 5 1 -9 1 6 -4 6 1 -9 1 6 -4 6 2 -8 2 -3 5 -5 5 -10 0 -10 6 -4 6 1 6 -4 6 1 -3	# 62
5 -5 5 1 -9 1 6 -4 6 5 -5 5 -10 0 -10 6 -4 6 1 1 -9 1 6 -4 6 2 -8 2 -3 6 -4 6 1 -3	# 63
5 -5 5 5 -5 5 -10 0 -10 1 -9 1 6 -4 6 6 -4 6 1 1 -9 1 6 -4 6 6 -4 6 1 2 -8 2 -3 -3	# 64
5 5 -5 1 1 -9 -4 6 6 1 1 -9 -4 6 6 -8 2 2 -3 5 5 -5 0 -10 -10 -4 6 6 1 -4 6 6 1 -3	# 65
5 5 -5 1 1 -9 -4 6 6 5 5 -5 0 -10 -10 -4 6 6 1 1 1 -9 -4 6 6 -8 2 2 -3 -4 6 6 1 -3	# 66
5 5 -5 5 5 -5 0 -10 -10 1 1 -9 -4 6 6 -4 6 6 1 1 1 -9 -4 6 6 -4 6 6 1 -8 2 2 -3 -3	# 67
-9 -9 -9 -9 -9 -9 -8 -8 -8 7 7 7 8 8 8 8 8 8 9 7 7 7 8 8 8 8 8 8 9 -16 -16 -16 -15 -15	# 68
-9 -9 -9 7 7 7 8 8 8 -9 -9 -9 -8 -8 -8 8 8 8 9 7 7 7 8 8 8 -16 -16 -16 -15 8 8 8 9 -15	# 69
-9 -9 -9 7 7 7 8 8 8 7 7 7 8 8 8 -16 -16 -16 -15 -9 -9 -9 -8 -8 -8 8 8 8 9 8 8 8 9 -15	# 70
7 7 7 -9 -9 -9 8 8 8 -9 -9 -9 8 8 8 -8 -8 -8 9 7 7 7 -16 -16 -16 8 8 8 -15 8 8 8 -15 9	# 71
7 7 7 -9 -9 -9 8 8 8 7 7 7 -16 -16 -16 8 8 8 -15 -9 -9 -9 8 8 8 -8 -8 -8 9 8 8 8 -15 9	# 72
7 7 7 7 7 7 -16 -16 -16 -9 -9 -9 8 8 8 8 8 8 -15 -9 -9 -9 8 8 8 8 8 8 -15 -8 -8 -8 9 9	# 73
-17 -9 -9 -9 -1 -1 -8 -8 0 3 11 11 4 4 12 12 12 -20 13 3 11 11 4 4 12 12 12 -20 13 -16 -16 -8 -15 -7	# 74
-17 -9 -9 3 11 11 4 4 12 -9 -1 -1 -8 -8 0 12 12 -20 13 3 11 11 4 4 12 -16 -16 -8 -15 12 12 -20 13 -7	# 75
-17 -9 -9 3 11 11 4 4 12 3 11 11 4 4 12 -16 -16 -8 -15 -9 -1 -1 -8 -8 0 12 12 -20 13 12 12 -20 13 -7	# 76
-9 -17 -9 -1 -9 -1 -8 0 -8 11 3 11 4 12 4 12 -20 12 13 11 3 11 4 12 4 12 -20 12 13 -16 -8 -16 -15 -7	# 77
-9 -17 -9 11 3 11 4 12 4 -1 -9 -1 -8 0 -8 12 -20 12 13 11 3 11 4 12 4 -16 -8 -16 -15 12 -20 12 13 -7	# 78
-9 -17 -9 11 3 11 4 12 4 11 3 11 4 12 4 -16 -8 -16 -15 -1 -9 -1 -8 0 -8 12 -20 12 13 12 -20 12 13 -7	# 79
-9 -9 -17 -1 -1 -9 0 -8 -8 11 11 3 12 4 4 -20 12 12 13 11 11 3 12 4 4 -20 12 12 13 -8 -16 -16 -15 -7	# 80
-9 -9 -17 11 11 3 12 4 4 -1 -1 -9 0 -8 -8 -20 12 12 13 11 11 3 12 4 4 -8 -16 -16 -15 -20 12 12 13 -7	# 81
-9 -9 -17 11 11 3 12 4 4 11 11 3 12 4 4 -8 -16 -16 -15 -1 -1 -9 0 -8 -8 -20 12 12 13 -20 12 12 13 -7	# 82
-9 -1 -1 -17 -9 -9 -8 -8 0 3 11 11 12 12 -20 4 4 12 13 3 11 11 12 12 -20 4 4 12 13 -16 -16 -8 -7 -15	# 83
-9 -1 -1 3 11 11 12 12 -20 -17 -9 -9 -8 -8 0 4 4 12 13 3 11 11 12 12 -20 -16 -16 -8 -7 4 4 12 13 -15	# 84
-9 -1 -1 3 11 11 12 12 -20 3 11 11 12 12 -20 -16 -16 -8 -7 -17 -9 -9 -8 -8 0 4 4 12 13 4 4 12 13 -15	# 85
-1 -9 -1 -9 -17 -9 -8 0 -8 11 3 11 12 -20 12 4 12 4 13 11 3 11 12 -20 12 4 12 4 13 -16 -8 -16 -7 -15	# 86
-1 -9 -1 11 3 11 12 -20 12 -9 -17 -9 -8 0 -8 4 12 4 13 11 3 11 12 -20 12 -16 -8 -16 -7 4 12 4 13 -15	# 87
-1 -9 -1 11 3 11 12 -20 12 11 3 11 12 -20 12 -16 -8 -16 -7 -9 -17 -9 -8 0 -8 4 12 4 13 4 12 4 13 -15	# 88
-1 -1 -9 -9 -9 -17 0 -8 -8 11 11 3 -20 12 12 12 4 4 13 11 11 3 -20 12 12 12 4 4 13 -8 -16 -16 -7 -15	# 89
-1 -1 -9 11 11 3 -20 12 12 -9 -9 -17 0 -8 -8 12 4 4 13 11 11 3 -20 12 12 -8 -16 -16 -7 12 4 4 13 -15	# 90
-1 -1 -9 11 11 3 -20 12 12 11 11 3 -20 12 12 -8 -16 -16 -7 -9 -9 -17 0 -8 -8 12 4 4 13 12 4 4 13 -15	# 91
3 11 11 -17 -9 -9 4 4 12 -9 -1 -1 12 12 -20 -8 -8 0 13 3 11 11 -16 -16 -8 4 4 12 -15 12 12 -20 -7 13	# 92
3 11 11 -17 -9 -9 4 4 12 3 11 11 -16 -16 -8 4 4 12 -15 -9 -1 -1 12 12 -20 -8 -8 0 13 12 12 -20 -7 13	# 93
3 11 11 -9 -1 -1 12 12 -20 -17 -9 -9 4 4 12 -8 -8 0 13 3 11 11 -16 -16 -8 12 12 -20 -7 4 4 12 -15 13	# 94
3 11 11 -9 -1 -1 12 12 -20 3 11 11 -16 -16 -8 12 12 -20 -7 -17 -9 -9 4 4 12 -8 -8 0 13 4 4 12 -15 13	# 95
3 11 11 3 11 11 -16 -16 -8 -17 -9 -9 4 4 12 4 4 12 -15 -9 -1 -1 12 12 -20 12 12 -20 -7 -8 -8 0 13 13	# 96
3 11 11 3 11 11 -16 -16 -8 -9 -1 -1 12 12 -20 12 12 -20 -7 -17 -9 -9 4 4 12 4 4 12 -15 -8 -8 0 13 13	# 97
11 3 11 -9 -17 -9 4 12 4 -1 -9 -1 12 -20 12 -8 0 -8 13 11 3 11 -16 -8 -16 4 12 4 -15 12 -20 12 -7 13	# 98
11 3 11 -9 -17 -9 4 12 4 11 3 11 -16 -8 -16 4 12 4 -15 -1 -9 -1 12 -20 12 -8 0 -8 13 12 -20 12 -7 13	# 99
11 3 11 -1 -9 -1 12 -20 12 -9 -17 -9 4 12 4 -8 0 -8 13 11 3 11 -16 -8 -16 12 -20 12 -7 4 12 4 -15 13	# 100
11 3 11 -1 -9 -1 12 -20 12 11 3 11 -16 -8 -16 12 -20 12 -7 -9 -17 -9 4 12 4 -8 0 -8 13 4 12 4 -15 13	# 101
11 3 11 11 3 11 -16 -8 -16 -9 -17 -9 4 12 4 4 12 4 -15 -1 -9 -1 12 -20 12 12 -20 12 -7 -8 0 -8 13 13	# 102
11 3 11 11 3 11 -16 -8 -16 -1 -9 -1 12 -20 12 12 -20 12 -7 -9 -17 -9 4 12 4 4 12 4 -15 -8 0 -8 13 13	# 103
11 11 3 -9 -9 -17 12 4 4 -1 -1 -9 -20 12 12 0 -8 -8 13 11 11 3 -8 -16 -16 12 4 4 -15 -20 12 12 -7 13	# 104
11 11 3 -9 -9 -17 12 4 4 11 11 3 -8 -16 -16 12 4 4 -15 -1 -1 -9 -20 12 12 0 -8 -8 13 -20 12 12 -7 13	# 105
11 11 3 -1 -1 -9 -20 12 12 -9 -9 -17 12 4 4 0 -8 -8 13 11 11 3 -8 -16 -16 -20 12 12 -7 12 4 4 -15 13	# 106
11 11 3 -1 -1 -9 -20 12 12 11 11 3 -8 -16 -16 -20 12 12 -7 -9 -9 -17 12 4 4 0 -8 -8 13 12 4 4 -15 13	# 107
11 11 3 11 11 3 -8 -16 -16 -9 -9 -17 12 4 4 12 4 4 -15 -1 -1 -9 -20 12 12 -20 12 12 -7 0 -8 -8 13 13	# 108
11 11 3 11 11 3 -8 -16 -16 -1 -1 -9 -20 12 12 -20 12 12 -7 -9 -9 -17 12 4 4 12 4 4 -15 0 -8 -8 13 13	# 109
-45 -45 -45 11 11 11 16 16 16 11 11 11 16 16 16 -8 -8 -8 -3 11 11 11 16 16 16 -8 -8 -8 -3 -8 -8 -8 -3 -27	# 110
11 11 11 -45 -45 -45 16 16 16 11 11 11 -8 -8 -8 16 16 16 -3 11 11 11 -8 -8 -8 16 16 16 -3 -8 -8 -8 -27 -3	# 111
11 11 11 11 11 11 -8 -8 -8 -45 -45 -45 16 16 16 16 16 16 -3 11 11 11 -8 -8 -8 -8 -8 -8 -27 16 16 16 -3 -3	# 112
11 11 11 11 11 11 -8 -8 -8 11 11 11 -8 -8 -8 -8 -8 -8 -27 -45 -45 -45 16 16 16 16 16 16 -3 16 16 16 -3 -3	# 113
-27 -11 -11 -11 5 5 8 8 -16 -3 13 13 16 16 -8 -8 -8 8 11 -3 13 13 16 16 -8 -8 -8 8 11 0 0 -24 -21 -5	# 114
-27 -11 -11 -3 13 13 16 16 -8 -11 5 5 8 8 -16 -8 -8 8 11 -3 13 13 16 16 -8 0 0 -24 -21 -8 -8 8 11 -5	# 115
-27 -11 -11 -3 13 13 16 16 -8 -3 13 13 16 16 -8 0 0 -24 -21 -11 5 5 8 8 -16 -8 -8 8 11 -8 -8 8 11 -5	# 116
-11 -27 -11 5 -11 5 8 -16 8 13 -3 13 16 -8 16 -8 8 -8 11 13 -3 13 16 -8 16 -8 8 -8 11 0 -24 0 -21 -5	# 117
-11 -27 -11 13 -3 13 16 -8 16 5 -11 5 8 -16 8 -8 8 -8 11 13 -3 13 16 -8 16 0 -24 0 -21 -8 8 -8 11 -5	# 118
-11 -27 -11 13 -3 13 16 -8 16 13 -3 13 16 -8 16 0 -24 0 -21 5 -11 5 8 -16 8 -8 8 -8 11 -8 8 -8 11 -5	# 119
-11 -11 -27 5 5 -11 -16 8 8 13 13 -3 -8 16 16 8 -8 -8 11 13 13 -3 -8 16 16 8 -8 -8 11 -24 0 0 -21 -5	# 120
-11 -11 -27 13 13 -3 -8 16 16 5 5 -11 -16 8 8 8 -8 -8 11 13 13 -3 -8 16 16 -24 0 0 -21 8 -8 -8 11 -5	# 121
-11 -11 -27 13 13 -3 -8 16 16 13 13 -3 -8 16 16 -24 0 0 -21 5 5 -11 -16 8 8 8 -8 -8 11 8 -8 -8 11 -5	# 122
-11 5 5 -27 -11 -11 8 8 -16 -3 13 13 -8 -8 8 16 16 -8 11 -3 13 13 -8 -8 8 16 16 -8 11 0 0 -24 -5 -21	# 123
-11 5 5 -3 13 13 -8 -8 8 -27 -11 -11 8 8 -16 16 16 -8 11 -3 13 13 -8 -8 8 0 0 -24 -5 16 16 -8 11 -21	# 124
-11 5 5 -3 13 13 -8 -8 8 -3 13 13 -8 -8 8 0 0 -24 -5 -27 -11 -11 8 8 -16 16 16 -8 11 16 16 -8 11 -21	# 125
-3 13 13 -27 -11 -11 16 16 -8 -11 5 5 -8 -8 8 8 8 -16 11 -3 13 13 0 0 -24 16 16 -8 -21 -8 -8 8 -5 11	# 126
-3 13 13 -27 -11 -11 16 16 -8 -3 13 13 0 0 -24 16 16 -8 -21 -11 5 5 -8 -8 8 8 8 -16 11 -8 -8 8 -5 11	# 127
-3 13 13 -11 5 5 -8 -8 8 -27 -11 -11 16 16 -8 8 8 -16 11 -3 13 13 0 0 -24 -8 -8 8 -5 16 16 -8 -21 11	# 128
-3 13 13 -11 5 5 -8 -8 8 -3 13 13 0 0 -24 -8 -8 8 -5 -27 -11 -11 16 16 -8 8 8 -16 11 16 16 -8 -21 11	# 129
-3 13 13 -3 13 13 0 0 -24 -27 -11 -11 16 16 -8 16 16 -8 -21 -11 5 5 -8 -8 8 -8 -8 8 -5 8 8 -16 11 11	# 130
-3 13 13 -3 13 13 0 0 -24 -11 5 5 -8 -8 8 -8 -8 8 -5 -27 -11 -11 16 16 -8 16 16 -8 -21 8 8 -16 11 11	# 131
5 -11 5 -11 -27 -11 8 -16 8 13 -3 13 -8 8 -8 16 -8 16 11 13 -3 13 -8 8 -8 16 -8 16 11 0 -24 0 -5 -21	# 132
5 -11 5 13 -3 13 -8 8 -8 -11 -27 -11 8 -16 8 16 -8 16 11 13 -3 13 -8 8 -8 0 -24 0 -5 16 -8 16 11 -21	# 133
5 -11 5 13 -3 13 -8 8 -8 13 -3 13 -8 8 -8 0 -24 0 -5 -11 -27 -11 8 -16 8 16 -8 16 11 16 -8 16 11 -21	# 134
5 5 -11 -11 -11 -27 -16 8 8 13 13 -3 8 -8 -8 -8 16 16 11 13 13 -3 8 -8 -8 -8 16 16 11 -24 0 0 -5 -21	# 135
5 5 -11 13 13 -3 8 -8 -8 -11 -11 -27 -16 8 8 -8 16 16 11 13 13 -3 8 -8 -8 -24 0 0 -5 -8 16 16 11 -21	# 136
5 5 -11 13 13 -3 8 -8 -8 13 13 -3 8 -8 -8 -24 0 0 -5 -11 -11 -27 -16 8 8 -8 16 16 11 -8 16 16 11 -21	# 137
13 -3 13 -11 -27 -11 16 -8 16 5 -11 5 -8 8 -8 8 -16 8 11 13 -3 13 0 -24 0 16 -8 16 -21 -8 8 -8 -5 11	# 138
13 -3 13 -11 -27 -11 16 -8 16 13 -3 13 0 -24 0 16 -8 16 -21 5 -11 5 -8 8 -8 8 -16 8 11 -8 8 -8 -5 11	# 139
13 -3 13 5 -11 5 -8 8 -8 -11 -27 -11 16 -8 16 8 -16 8 11 13 -3 13 0 -24 0 -8 8 -8 -5 16 -8 16 -21 11	# 140
13 -3 13 5 -11 5 -8 8 -8 13 -3 13 0 -24 0 -8 8 -8 -5 -11 -27 -11 16 -8 16 8 -16 8 11 16 -8 16 -21 11	# 141
13 -3 13 13 -3 13 0 -24 0 -11 -27 -11 16 -8 16 16 -8 16 -21 5 -11 5 -8 8 -8 -8 8 -8 -5 8 -16 8 11 11	# 142
13 -3 13 13 -3 13 0 -24 0 5 -11 5 -8 8 -8 -8 8 -8 -5 -11 -27 -11 16 -8 16 16 -8 16 -21 8 -16 8 11 11	# 143
13 13 -3 -11 -11 -27 -8 16 16 5 5 -11 8 -8 -8 -16 8 8 11 13 13 -3 -24 0 0 -8 16 16 -21 8 -8 -8 -5 11	# 144
13 13 -3 -11 -11 -27 -8 16 16 13 13 -3 -24 0 0 -8 16 16 -21 5 5 -11 8 -8 -8 -16 8 8 11 8 -8 -8 -5 11	# 145
13 13 -3 5 5 -11 8 -8 -8 -11 -11 -27 -8 16 16 -16 8 8 11 13 13 -3 -24 0 0 8 -8 -8 -5 -8 16 16 -21 11	# 146
13 13 -3 5 5 -11 8 -8 -8 13 13 -3 -24 0 0 8 -8 -8 -5 -11 -11 -27 -8 16 16 -16 8 8 11 -8 16 16 -21 11	# 147
13 13 -3 13 13 -3 -24 0 0 -11 -11 -27 -8 16 16 -8 16 16 -21 5 5 -11 8 -8 -8 8 -8 -8 -5 -16 8 8 11 11	# 148
13 13 -3 13 13 -3 -24 0 0 5 5 -11 8 -8 -8 8 -8 -8 -5 -11 -11 -27 -8 16 16 -8 16 16 -21 -16 8 8 11 11	# 149
-9 -9 -1 -9 -9 -1 -8 0 0 7 7 15 8 -24 16 8 16 -24 17 7 7 15 8 -24 16 8 16 -24 17 -16 -8 -8 -7 -7	# 150
-9 -9 -1 -9 -9 -1 -8 0 0 7 7 15 8 16 -24 8 -24 16 17 7 7 15 8 16 -24 8 -24 16 17 -16 -8 -8 -7 -7	# 151
-9 -9 -1 7 7 15 8 -24 16 -9 -9 -1 -8 0 0 8 16 -24 17 7 7 15 8 -24 16 -16 -8 -8 -7 8 16 -24 17 -7	# 152
-9 -9 -1 7 7 15 8 -24 16 7 7 15 8 -24 16 -16 -8 -8 -7 -9 -9 -1 -8 0 0 8 16 -24 17 8 16 -24 17 -7	# 153
-9 -9 -1 7 7 15 8 16 -24 -9 -9 -1 -8 0 0 8 -24 16 17 7 7 15 8 16 -24 -16 -8 -8 -7 8 -24 16 17 -7	# 154
-9 -9 -1 7 7 15 8 16 -24 7 7 15 8 16 -24 -16 -8 -8 -7 -9 -9 -1 -8 0 0 8 -24 16 17 8 -24 16 17 -7	# 155
-9 -1 -9 -9 -1 -9 0 -8 0 7 15 7 -24 8 16 16 8 -24 17 7 15 7 -24 8 16 16 8 -24 17 -8 -16 -8 -7 -7	# 156
-9 -1 -9 -9 -1 -9 0 -8 0 7 15 7 16 8 -24 -24 8 16 17 7 15 7 16 8 -24 -24 8 16 17 -8 -16 -8 -7 -7	# 157
-9 -1 -9 7 15 7 -24 8 16 -9 -1 -9 0 -8 0 16 8 -24 17 7 15 7 -24 8 16 -8 -16 -8 -7 16 8 -24 17 -7	# 158
-9 -1 -9 7 15 7 -24 8 16 7 15 7 -24 8 16 -8 -16 -8 -7 -9 -1 -9 0 -8 0 16 8 -24 17 16 8 -24 17 -7	# 159
-9 -1 -9 7 15 7 16 8 -24 -9 -1 -9 0 -8 0 -24 8 16 17 7 15 7 16 8 -24 -8 -16 -8 -7 -24 8 16 17 -7	# 160
-9 -1 -9 7 15 7 16 8 -24 7 15 7 16 8 -24 -8 -16 -8 -7 -9 -1 -9 0 -8 0 -24 8 16 17 -24 8 16 17 -7	# 161
-1 -9 -9 -1 -9 -9 0 0 -8 15 7 7 -24 16 8 16 -24 8 17 15 7 7 -24 16 8 16 -24 8 17 -8 -8 -16 -7 -7	# 162
-1 -9 -9 -1 -9 -9 0 0 -8 15 7 7 16 -24 8 -24 16 8 17 15 7 7 16 -24 8 -24 16 8 17 -8 -8 -16 -7 -7	# 163
-1 -9 -9 15 7 7 -24 16 8 -1 -9 -9 0 0 -8 16 -24 8 17 15 7 7 -24 16 8 -8 -8 -16 -7 16 -24 8 17 -7	# 164
-1 -9 -9 15 7 7 -24 16 8 15 7 7 -24 16 8 -8 -8 -16 -7 -1 -9 -9 0 0 -8 16 -24 8 17 16 -24 8 17 -7	# 165
-1 -9 -9 15 7 7 16 -24 8 -1 -9 -9 0 0 -8 -24 16 8 17 15 7 7 16 -24 8 -8 -8 -16 -7 -24 16 8 17 -7	# 166
-1 -9 -9 15 7 7 16 -24 8 15 7 7 16 -24 8 -8 -8 -16 -7 -1 -9 -9 0 0 -8 -24 16 8 17 -24 16 8 17 -7	# 167
7 7 15 -9 -9 -1 8 -24 16 -9 -9 -1 8 16 -24 -8 0 0 17 7 7 15 -16 -8 -8 8 -24 16 -7 8 16 -24 -7 17	# 168
7 7 15 -9 -9 -1 8 -24 16 7 7 15 -16 -8 -8 8 -24 16 -7 -9 -9 -1 8 16 -24 -8 0 0 17 8 16 -24 -7 17	# 169
7 7 15 -9 -9 -1 8 16 -24 -9 -9 -1 8 -24 16 -8 0 0 17 7 7 15 -16 -8 -8 8 16 -24 -7 8 -24 16 -7 17	# 170
7 7 15 -9 -9 -1 8 16 -24 7 7 15 -16 -8 -8 8 16 -24 -7 -9 -9 -1 8 -24 16 -8 0 0 17 8 -24 16 -7 17	# 171
7 7 15 7 7 15 -16 -8 -8 -9 -9 -1 8 -24 16 8 -24 16 -7 -9 -9 -1 8 16 -24 8 16 -24 -7 -8 0 0 17 17	# 172
7 7 15 7 7 15 -16 -8 -8 -9 -9 -1 8 16 -24 8 16 -24 -7 -9 -9 -1 8 -24 16 8 -24 16 -7 -8 0 0 17 17	# 173
7 15 7 -9 -1 -9 -24 8 16 -9 -1 -9 16 8 -24 0 -8 0 17 7 15 7 -8 -16 -8 -24 8 16 -7 16 8 -24 -7 17	# 174
7 15 7 -9 -1 -9 -24 8 16 7 15 7 -8 -16 -8 -24 8 16 -7 -9 -1 -9 16 8 -24 0 -8 0 17 16 8 -24 -7 17	# 175
7 15 7 -9 -1 -9 16 8 -24 -9 -1 -9 -24 8 16 0 -8 0 17 7 15 7 -8 -16 -8 16 8 -24 -7 -24 8 16 -7 17	# 176
7 15 7 -9 -1 -9 16 8 -24 7 15 7 -8 -16 -8 16 8 -24 -7 -9 -1 -9 -24 8 16 0 -8 0 17 -24 8 16 -7 17	# 177
7 15 7 7 15 7 -8 -16 -8 -9 -1 -9 -24 8 16 -24 8 16 -7 -9 -1 -9 16 8 -24 16 8 -24 -7 0 -8 0 17 17	# 178
7 15 7 7 15 7 -8 -16 -8 -9 -1 -9 16 8 -24 16 8 -24 -7 -9 -1 -9 -24 8 16 -24 8 16 -7 0 -8 0 17 17	# 179
15 7 7 -1 -9 -9 -24 16 8 -1 -9 -9 16 -24 8 0 0 -8 17 15 7 7 -8 -8 -16 -24 16 8 -7 16 -24 8 -7 17	# 180
15 7 7 -1 -9 -9 -24 16 8 15 7 7 -8 -8 -16 -24 16 8 -7 -1 -9 -9 16 -24 8 0 0 -8 17 16 -24 8 -7 17	# 181
15 7 7 -1 -9 -9 16 -24 8 -1 -9 -9 -24 16 8 0 0 -8 17 15 7 7 -8 -8 -16 16 -24 8 -7 -24 16 8 -7 17	# 182
15 7 7 -1 -9 -9 16 -24 8 15 7 7 -8 -8 -16 16 -24 8 -7 -1 -9 -9 -24 16 8 0 0 -8 17 -24 16 8 -7 17	# 183
15 7 7 15 7 7 -8 -8 -16 -1 -9 -9 -24 16 8 -24 16 8 -7 -1 -9 -9 16 -24 8 16 -24 8 -7 0 0 -8 17 17	# 184
15 7 7 15 7 7 -8 -8 -16 -1 -9 -9 16 -24 8 16 -24 8 -7 -1 -9 -9 -24 16 8 -24 16 8 -7 0 0 -8 17 17	# 185
-33 -9 -9 -9 15 15 -8 -8 16 -9 15 15 -8 -8 16 16 16 -40 17 -9 15 15 -8 -8 16 16 16 -40 17 16 16 -40 17 -39	# 186
-9 -33 -9 15 -9 15 -8 16 -8 15 -9 15 -8 16 -8 16 -40 16 17 15 -9 15 -8 16 -8 16 -40 16 17 16 -40 16 17 -39	# 187
-9 -9 -33 15 15 -9 16 -8 -8 15 15 -9 16 -8 -8 -40 16 16 17 15 15 -9 16 -8 -8 -40 16 16 17 -40 16 16 17 -39	# 188
-9 15 15 -33 -9 -9 -8 -8 16 -9 15 15 16 16 -40 -8 -8 16 17 -9 15 15 16 16 -40 -8 -8 16 17 16 16 -40 -39 17	# 189
-9 15 15 -9 15 15 16 16 -40 -33 -9 -9 -8 -8 16 -8 -8 16 17 -9 15 15 16 16 -40 16 16 -40 -39 -8 -8 16 17 17	# 190
-9 15 15 -9 15 15 16 16 -40 -9 15 15 16 16 -40 16 16 -40 -39 -33 -9 -9 -8 -8 16 -8 -8 16 17 -8 -8 16 17 17	# 191
15 -9 15 -9 -33 -9 -8 16 -8 15 -9 15 16 -40 16 -8 16 -8 17 15 -9 15 16 -40 16 -8 16 -8 17 16 -40 16 -39 17	# 192
15 -9 15 15 -9 15 16 -40 16 -9 -33 -9 -8 16 -8 -8 16 -8 17 15 -9 15 16 -40 16 16 -40 16 -39 -8 16 -8 17 17	# 193
15 -9 15 15 -9 15 16 -40 16 15 -9 15 16 -40 16 16 -40 16 -39 -9 -33 -9 -8 16 -8 -8 16 -8 17 -8 16 -8 17 17	# 194
15 15 -9 -9 -9 -33 16 -8 -8 15 15 -9 -40 16 16 16 -8 -8 17 15 15 -9 -40 16 16 16 -8 -8 17 -40 16 16 -39 17	# 195
15 15 -9 15 15 -9 -40 16 16 -9 -9 -33 16 -8 -8 16 -8 -8 17 15 15 -9 -40 16 16 -40 16 16 -39 16 -8 -8 17 17	# 196
15 15 -9 15 15 -9 -40 16 16 15 15 -9 -40 16 16 -40 16 16 -39 -9 -9 -33 16 -8 -8 16 -8 -8 17 16 -8 -8 17 17	# 197
-45 -21 -21 -5 19 19 24 24 -32 -5 19 19 24 24 -32 -16 -16 8 13 -5 19 19 24 24 -32 -16 -16 8 13 -16 -16 8 13 -27	# 198
-21 -45 -21 19 -5 19 24 -32 24 19 -5 19 24 -32 24 -16 8 -16 13 19 -5 19 24 -32 24 -16 8 -16 13 -16 8 -16 13 -27	# 199
-21 -21 -45 19 19 -5 -32 24 24 19 19 -5 -32 24 24 8 -16 -16 13 19 19 -5 -32 24 24 8 -16 -16 13 8 -16 -16 13 -27	# 200
-5 19 19 -45 -21 -21 24 24 -32 -5 19 19 -16 -16 8 24 24 -32 13 -5 19 19 -16 -16 8 24 24 -32 13 -16 -16 8 -27 13	# 201
-5 19 19 -5 19 19 -16 -16 8 -45 -21 -21 24 24 -32 24 24 -32 13 -5 19 19 -16 -16 8 -16 -16 8 -27 24 24 -32 13 13	# 202
-5 19 19 -5 19 19 -16 -16 8 -5 19 19 -16 -16 8 -16 -16 8 -27 -45 -21 -21 24 24 -32 24 24 -32 13 24 24 -32 13 13	# 203
19 -5 19 -21 -45 -21 24 -32 24 19 -5 19 -16 8 -16 24 -32 24 13 19 -5 19 -16 8 -16 24 -32 24 13 -16 8 -16 -27 13	# 204
19 -5 19 19 -5 19 -16 8 -16 -21 -45 -21 24 -32 24 24 -32 24 13 19 -5 19 -16 8 -16 -16 8 -16 -27 24 -32 24 13 13	# 205
19 -5 19 19 -5 19 -16 8 -16 19 -5 19 -16 8 -16 -16 8 -16 -27 -21 -45 -21 24 -32 24 24 -32 24 13 24 -32 24 13 13	# 206
19 19 -5 -21 -21 -45 -32 24 24 19 19 -5 8 -16 -16 -32 24 24 13 19 19 -5 8 -16 -16 -32 24 24 13 8 -16 -16 -27 13	# 207
19 19 -5 19 19 -5 8 -16 -16 -21 -21 -45 -32 24 24 -32 24 24 13 19 19 -5 8 -16 -16 8 -16 -16 -27 -32 24 24 13 13	# 208
19 19 -5 19 19 -5 8 -16 -16 19 19 -5 8 -16 -16 8 -16 -16 -27 -21 -21 -45 -32 24 24 -32 24 24 13 -32 24 24 13 13	# 209

N_RAYS
210

LINEALITY_SPACE
1 0 0 0 -1 -1 0 0 -1 0 -1 -1 0 0 -1 -1 -1 -2 -1 0 -1 -1 0 0 -1 -1 -1 -2 -1 -1 -1 -2 -1 -2
0 1 0 0 1 0 0 -1 0 0 1 0 0 -1 0 0 -1 0 -1 0 1 0 0 -1 0 0 -1 0 -1 0 -1 0 -1 -1
0 0 1 0 0 1 0 1 1 0 0 1 0 1 1 0 1 1 1 0 0 1 0 1 1 0 1 1 1 0 1 1 1 1
0 0 0 1 1 1 0 0 0 0 0 0 -1 -1 -1 0 0 0 -1 0 0 0 -1 -1 -1 0 0 0 -1 -1 -1 -1 -2 -1
0 0 0 0 0 0 1 1 1 0 0 0 1 1 1 1 1 1 2 0 0 0 1 1 1 1 1 1 2 1 1 1 2 2
0 0 0 0 0 0 0 0 0 1 1 1 1 1 1 1 1 1 1 0 0 0 0 0 0 0 0 0 0 1 1 1 1 1
0 0 0 0 0 0 0 0 0 0 0 0 0 0 0 0 0 0 0 1 1 1 1 1 1 1 1 1 1 1 1 1 1 1

ORTH_LINEALITY_SPACE
1 0 0 0 0 0 0 0 0 0 0 0 0 0 0 0 0 0 -1 0 0 0 0 0 0 0 0 0 -1 -1 -1 0 1 2
0 1 0 0 0 0 0 0 0 0 0 0 0 0 0 0 0 0 -1 0 0 0 0 0 0 0 0 0 -1 -1 0 -1 1 2
0 0 1 0 0 0 0 0 0 0 0 0 0 0 0 0 0 0 -1 0 0 0 0 0 0 0 0 0 -1 0 -1 -1 1 2
0 0 0 1 0 0 0 0 0 0 0 0 0 0 0 0 0 0 -1 0 0 0 0 0 0 0 0 0 -1 -1 -1 0 2 1
0 0 0 0 1 0 0 0 0 0 0 0 0 0 0 0 0 0 -1 0 0 0 0 0 0 0 0 0 -1 -1 0 -1 2 1
0 0 0 0 0 1 0 0 0 0 0 0 0 0 0 0 0 0 -1 0 0 0 0 0 0 0 0 0 -1 0 -1 -1 2 1
0 0 0 0 0 0 1 0 0 0 0 0 0 0 0 0 0 0 -1 0 0 0 0 0 0 0 0 0 -1 -1 0 0 1 1
0 0 0 0 0 0 0 1 0 0 0 0 0 0 0 0 0 0 -1 0 0 0 0 0 0 0 0 0 -1 0 -1 0 1 1
0 0 0 0 0 0 0 0 1 0 0 0 0 0 0 0 0 0 -1 0 0 0 0 0 0 0 0 0 -1 0 0 -1 1 1
0 0 0 0 0 0 0 0 0 1 0 0 0 0 0 0 0 0 -1 0 0 0 0 0 0 0 0 0 0 -1 -1 0 1 1
0 0 0 0 0 0 0 0 0 0 1 0 0 0 0 0 0 0 -1 0 0 0 0 0 0 0 0 0 0 -1 0 -1 1 1
0 0 0 0 0 0 0 0 0 0 0 1 0 0 0 0 0 0 -1 0 0 0 0 0 0 0 0 0 0 0 -1 -1 1 1
0 0 0 0 0 0 0 0 0 0 0 0 1 0 0 0 0 0 -1 0 0 0 0 0 0 0 0 0 0 -1 0 0 0 1
0 0 0 0 0 0 0 0 0 0 0 0 0 1 0 0 0 0 -1 0 0 0 0 0 0 0 0 0 0 0 -1 0 0 1
0 0 0 0 0 0 0 0 0 0 0 0 0 0 1 0 0 0 -1 0 0 0 0 0 0 0 0 0 0 0 0 -1 0 1
0 0 0 0 0 0 0 0 0 0 0 0 0 0 0 1 0 0 -1 0 0 0 0 0 0 0 0 0 0 -1 0 0 1 0
0 0 0 0 0 0 0 0 0 0 0 0 0 0 0 0 1 0 -1 0 0 0 0 0 0 0 0 0 0 0 -1 0 1 0
0 0 0 0 0 0 0 0 0 0 0 0 0 0 0 0 0 1 -1 0 0 0 0 0 0 0 0 0 0 0 0 -1 1 0
0 0 0 0 0 0 0 0 0 0 0 0 0 0 0 0 0 0 0 1 0 0 0 0 0 0 0 0 -1 -1 -1 0 1 1
0 0 0 0 0 0 0 0 0 0 0 0 0 0 0 0 0 0 0 0 1 0 0 0 0 0 0 0 -1 -1 0 -1 1 1
0 0 0 0 0 0 0 0 0 0 0 0 0 0 0 0 0 0 0 0 0 1 0 0 0 0 0 0 -1 0 -1 -1 1 1
0 0 0 0 0 0 0 0 0 0 0 0 0 0 0 0 0 0 0 0 0 0 1 0 0 0 0 0 -1 -1 0 0 0 1
0 0 0 0 0 0 0 0 0 0 0 0 0 0 0 0 0 0 0 0 0 0 0 1 0 0 0 0 -1 0 -1 0 0 1
0 0 0 0 0 0 0 0 0 0 0 0 0 0 0 0 0 0 0 0 0 0 0 0 1 0 0 0 -1 0 0 -1 0 1
0 0 0 0 0 0 0 0 0 0 0 0 0 0 0 0 0 0 0 0 0 0 0 0 0 1 0 0 -1 -1 0 0 1 0
0 0 0 0 0 0 0 0 0 0 0 0 0 0 0 0 0 0 0 0 0 0 0 0 0 0 1 0 -1 0 -1 0 1 0
0 0 0 0 0 0 0 0 0 0 0 0 0 0 0 0 0 0 0 0 0 0 0 0 0 0 0 1 -1 0 0 -1 1 0

F_VECTOR
1 210 3204 15190 27243 16038

SIMPLICIAL
1

PURE
1

SYMMETRY_GENERATORS
0 1 2 3 4 5 6 7 8 19 20 21 22 23 24 25 26 27 28 9 10 11 12 13 14 15 16 17 18 29 30 31 32 33
0 1 2 9 10 11 12 13 14 3 4 5 6 7 8 15 16 17 18 19 20 21 22 23 24 29 30 31 32 25 26 27 28 33
0 2 1 3 5 4 7 6 8 9 11 10 13 12 14 16 15 17 18 19 21 20 23 22 24 26 25 27 28 30 29 31 32 33
1 0 2 4 3 5 6 8 7 10 9 11 12 14 13 15 17 16 18 20 19 21 22 24 23 25 27 26 28 29 31 30 32 33
3 4 5 0 1 2 6 7 8 9 10 11 15 16 17 12 13 14 18 19 20 21 25 26 27 22 23 24 28 29 30 31 33 32

CONES_ORBITS
{}	# New orbit	# Dimension 7
{0}	# New orbit	# Dimension 8
{4}	# New orbit
{13}	# New orbit
{31}	# New orbit
{37}	# New orbit
{40}	# New orbit
{49}	# New orbit
{67}	# New orbit
{73}	# New orbit
{109}	# New orbit
{113}	# New orbit
{149}	# New orbit
{185}	# New orbit
{197}	# New orbit
{209}	# New orbit
{34 35}	# New orbit	# Dimension 9
{0 4}	# New orbit
{0 37}	# New orbit
{70 71}	# New orbit
{0 40}	# New orbit
{4 29}	# New orbit
{4 35}	# New orbit
{19 29}	# New orbit
{22 29}	# New orbit
{28 30}	# New orbit
{4 40}	# New orbit
{11 31}	# New orbit
{11 37}	# New orbit
{31 37}	# New orbit
{32 73}	# New orbit
{28 47}	# New orbit
{13 40}	# New orbit
{31 40}	# New orbit
{37 40}	# New orbit
{4 65}	# New orbit
{31 49}	# New orbit
{0 73}	# New orbit
{20 67}	# New orbit
{28 67}	# New orbit
{61 65}	# New orbit
{11 67}	# New orbit
{30 67}	# New orbit
{37 67}	# New orbit
{4 73}	# New orbit
{20 73}	# New orbit
{40 67}	# New orbit
{47 67}	# New orbit
{59 73}	# New orbit
{11 73}	# New orbit
{31 73}	# New orbit
{37 73}	# New orbit
{0 113}	# New orbit
{40 73}	# New orbit
{47 73}	# New orbit
{4 108}	# New orbit
{3 113}	# New orbit
{4 113}	# New orbit
{17 109}	# New orbit
{28 109}	# New orbit
{59 109}	# New orbit
{3 149}	# New orbit
{67 73}	# New orbit
{30 109}	# New orbit
{31 113}	# New orbit
{37 113}	# New orbit
{20 149}	# New orbit
{14 185}	# New orbit
{27 149}	# New orbit
{4 197}	# New orbit
{40 109}	# New orbit
{31 149}	# New orbit
{47 109}	# New orbit
{40 113}	# New orbit
{25 185}	# New orbit
{30 184}	# New orbit
{26 197}	# New orbit
{40 149}	# New orbit
{31 197}	# New orbit
{67 109}	# New orbit
{67 113}	# New orbit
{40 197}	# New orbit
{66 149}	# New orbit
{4 209}	# New orbit
{73 109}	# New orbit
{73 113}	# New orbit
{28 209}	# New orbit
{65 197}	# New orbit
{29 209}	# New orbit
{73 149}	# New orbit
{103 108}	# New orbit
{40 209}	# New orbit
{73 197}	# New orbit
{109 113}	# New orbit
{103 149}	# New orbit
{67 209}	# New orbit
{108 149}	# New orbit
{113 149}	# New orbit
{102 197}	# New orbit
{109 184}	# New orbit
{109 197}	# New orbit
{113 197}	# New orbit
{73 209}	# New orbit
{149 185}	# New orbit
{148 197}	# New orbit
{184 197}	# New orbit
{103 209}	# New orbit
{108 209}	# New orbit
{113 209}	# New orbit
{149 209}	# New orbit
{194 209}	# New orbit
{185 209}	# New orbit
{196 209}	# New orbit
{0 34 35}	# New orbit	# Dimension 10
{13 34 35}	# New orbit
{0 4 35}	# New orbit
{34 35 40}	# New orbit
{0 4 40}	# New orbit
{13 70 71}	# New orbit
{31 68 73}	# New orbit
{37 68 73}	# New orbit
{0 32 73}	# New orbit
{4 21 26}	# New orbit
{0 37 40}	# New orbit
{49 70 71}	# New orbit
{4 29 35}	# New orbit
{4 32 73}	# New orbit
{19 25 29}	# New orbit
{22 25 27}	# New orbit
{22 28 29}	# New orbit
{13 22 29}	# New orbit
{20 32 73}	# New orbit
{25 27 29}	# New orbit
{4 29 40}	# New orbit
{4 35 40}	# New orbit
{67 68 73}	# New orbit
{32 59 73}	# New orbit
{11 31 37}	# New orbit
{16 26 49}	# New orbit
{11 32 73}	# New orbit
{32 37 73}	# New orbit
{0 4 73}	# New orbit
{19 26 49}	# New orbit
{22 29 40}	# New orbit
{4 21 65}	# New orbit
{22 29 48}	# New orbit
{4 26 65}	# New orbit
{28 30 47}	# New orbit
{11 31 40}	# New orbit
{11 37 40}	# New orbit
{31 37 40}	# New orbit
{32 40 73}	# New orbit
{2 37 67}	# New orbit
{0 37 73}	# New orbit
{20 28 67}	# New orbit
{11 20 67}	# New orbit
{22 29 67}	# New orbit
{4 20 73}	# New orbit
{28 30 67}	# New orbit
{28 37 67}	# New orbit
{13 61 65}	# New orbit
{4 40 65}	# New orbit
{31 61 65}	# New orbit
{11 37 67}	# New orbit
{0 40 73}	# New orbit
{4 59 73}	# New orbit
{0 3 113}	# New orbit
{0 4 113}	# New orbit
{17 59 73}	# New orbit
{20 28 73}	# New orbit
{20 40 67}	# New orbit
{11 20 73}	# New orbit
{20 31 73}	# New orbit
{28 47 67}	# New orbit
{40 61 65}	# New orbit
{11 40 67}	# New orbit
{49 61 65}	# New orbit
{30 40 67}	# New orbit
{37 40 67}	# New orbit
{30 47 67}	# New orbit
{11 59 73}	# New orbit
{4 40 73}	# New orbit
{31 59 73}	# New orbit
{11 31 73}	# New orbit
{11 37 73}	# New orbit
{31 37 73}	# New orbit
{0 37 113}	# New orbit
{17 47 73}	# New orbit
{4 17 108}	# New orbit
{20 40 73}	# New orbit
{28 47 73}	# New orbit
{40 59 73}	# New orbit
{47 59 73}	# New orbit
{11 40 73}	# New orbit
{4 59 108}	# New orbit
{31 40 73}	# New orbit
{37 40 73}	# New orbit
{0 40 113}	# New orbit
{3 30 109}	# New orbit
{17 25 109}	# New orbit
{3 30 113}	# New orbit
{3 36 113}	# New orbit
{17 28 109}	# New orbit
{17 59 109}	# New orbit
{17 30 109}	# New orbit
{3 20 149}	# New orbit
{20 67 73}	# New orbit
{3 27 149}	# New orbit
{28 67 73}	# New orbit
{28 30 109}	# New orbit
{28 30 113}	# New orbit
{59 67 73}	# New orbit
{4 40 108}	# New orbit
{30 59 109}	# New orbit
{11 67 73}	# New orbit
{19 24 149}	# New orbit
{3 40 113}	# New orbit
{4 40 113}	# New orbit
{37 67 73}	# New orbit
{31 37 113}	# New orbit
{14 25 185}	# New orbit
{20 27 149}	# New orbit
{17 47 109}	# New orbit
{20 31 149}	# New orbit
{14 30 184}	# New orbit
{4 26 197}	# New orbit
{27 31 149}	# New orbit
{28 47 109}	# New orbit
{40 59 109}	# New orbit
{3 40 149}	# New orbit
{47 59 109}	# New orbit
{18 23 197}	# New orbit
{40 67 73}	# New orbit
{30 40 109}	# New orbit
{47 67 73}	# New orbit
{30 47 109}	# New orbit
{31 40 113}	# New orbit
{37 40 113}	# New orbit
{3 66 113}	# New orbit
{0 73 113}	# New orbit
{19 29 185}	# New orbit
{25 30 184}	# New orbit
{22 26 197}	# New orbit
{20 40 149}	# New orbit
{27 29 185}	# New orbit
{26 31 197}	# New orbit
{28 67 109}	# New orbit
{28 67 113}	# New orbit
{4 40 197}	# New orbit
{31 40 149}	# New orbit
{59 67 109}	# New orbit
{3 66 149}	# New orbit
{30 67 109}	# New orbit
{30 67 113}	# New orbit
{37 67 113}	# New orbit
{4 73 108}	# New orbit
{3 73 113}	# New orbit
{4 73 113}	# New orbit
{17 73 109}	# New orbit
{20 66 149}	# New orbit
{27 66 149}	# New orbit
{28 73 109}	# New orbit
{31 40 197}	# New orbit
{4 65 197}	# New orbit
{40 67 109}	# New orbit
{31 66 149}	# New orbit
{47 67 109}	# New orbit
{4 29 209}	# New orbit
{40 67 113}	# New orbit
{59 73 109}	# New orbit
{3 73 149}	# New orbit
{31 73 113}	# New orbit
{37 73 113}	# New orbit
{19 29 209}	# New orbit
{22 65 197}	# New orbit
{25 27 209}	# New orbit
{20 73 149}	# New orbit
{14 103 108}	# New orbit
{26 65 197}	# New orbit
{28 29 209}	# New orbit
{40 66 149}	# New orbit
{4 40 209}	# New orbit
{31 65 197}	# New orbit
{4 73 197}	# New orbit
{40 73 109}	# New orbit
{31 73 149}	# New orbit
{47 73 109}	# New orbit
{40 73 113}	# New orbit
{3 109 113}	# New orbit
{25 103 108}	# New orbit
{17 73 197}	# New orbit
{3 103 149}	# New orbit
{28 109 113}	# New orbit
{40 65 197}	# New orbit
{29 40 209}	# New orbit
{59 73 197}	# New orbit
{40 73 149}	# New orbit
{31 73 197}	# New orbit
{67 73 109}	# New orbit
{3 113 149}	# New orbit
{67 73 113}	# New orbit
{30 109 113}	# New orbit
{20 103 149}	# New orbit
{20 67 209}	# New orbit
{27 103 149}	# New orbit
{4 102 197}	# New orbit
{31 103 149}	# New orbit
{14 102 197}	# New orbit
{14 109 184}	# New orbit
{28 67 209}	# New orbit
{27 113 149}	# New orbit
{40 73 197}	# New orbit
{29 67 209}	# New orbit
{4 113 197}	# New orbit
{4 73 209}	# New orbit
{40 109 113}	# New orbit
{31 113 149}	# New orbit
{25 109 184}	# New orbit
{17 109 197}	# New orbit
{20 73 209}	# New orbit
{26 102 197}	# New orbit
{31 102 197}	# New orbit
{30 109 184}	# New orbit
{28 73 209}	# New orbit
{40 67 209}	# New orbit
{59 109 197}	# New orbit
{4 148 197}	# New orbit
{40 108 149}	# New orbit
{30 109 197}	# New orbit
{40 113 149}	# New orbit
{31 113 197}	# New orbit
{67 109 113}	# New orbit
{27 149 185}	# New orbit
{73 103 108}	# New orbit
{14 184 197}	# New orbit
{26 148 197}	# New orbit
{40 109 197}	# New orbit
{31 148 197}	# New orbit
{40 113 197}	# New orbit
{40 73 209}	# New orbit
{4 108 209}	# New orbit
{66 113 149}	# New orbit
{4 113 209}	# New orbit
{73 109 113}	# New orbit
{20 103 209}	# New orbit
{25 103 209}	# New orbit
{26 184 197}	# New orbit
{27 103 209}	# New orbit
{30 184 197}	# New orbit
{73 103 149}	# New orbit
{28 108 209}	# New orbit
{28 113 209}	# New orbit
{40 148 197}	# New orbit
{67 73 209}	# New orbit
{29 108 209}	# New orbit
{73 108 149}	# New orbit
{73 113 149}	# New orbit
{20 149 209}	# New orbit
{4 194 209}	# New orbit
{73 102 197}	# New orbit
{27 149 209}	# New orbit
{65 148 197}	# New orbit
{40 108 209}	# New orbit
{40 113 209}	# New orbit
{73 109 197}	# New orbit
{73 113 197}	# New orbit
{25 185 209}	# New orbit
{29 194 209}	# New orbit
{31 197 206}	# New orbit
{27 185 209}	# New orbit
{29 185 209}	# New orbit
{103 108 149}	# New orbit
{103 113 149}	# New orbit
{27 196 209}	# New orbit
{40 149 209}	# New orbit
{29 196 209}	# New orbit
{67 108 209}	# New orbit
{73 148 197}	# New orbit
{67 113 209}	# New orbit
{103 108 185}	# New orbit
{102 109 197}	# New orbit
{73 103 209}	# New orbit
{40 196 209}	# New orbit
{66 149 209}	# New orbit
{109 113 197}	# New orbit
{73 108 209}	# New orbit
{73 113 209}	# New orbit
{103 149 185}	# New orbit
{103 149 196}	# New orbit
{108 149 185}	# New orbit
{66 196 209}	# New orbit
{109 148 197}	# New orbit
{73 149 209}	# New orbit
{73 194 209}	# New orbit
{102 184 197}	# New orbit
{109 184 197}	# New orbit
{103 108 209}	# New orbit
{103 113 209}	# New orbit
{148 184 197}	# New orbit
{103 149 209}	# New orbit
{108 149 209}	# New orbit
{113 149 209}	# New orbit
{109 197 206}	# New orbit
{108 194 209}	# New orbit
{113 194 209}	# New orbit
{103 185 209}	# New orbit
{108 185 209}	# New orbit
{108 196 209}	# New orbit
{149 185 209}	# New orbit
{149 196 209}	# New orbit
{185 194 209}	# New orbit
{185 196 209}	# New orbit
{34 35 70 71}	# New orbit	# Dimension 11
{0 34 35 40}	# New orbit
{0 4 32 73}	# New orbit
{19 29 70 71}	# New orbit
{22 29 70 71}	# New orbit
{4 18 20 23}	# New orbit
{13 34 35 40}	# New orbit
{0 4 35 40}	# New orbit
{11 31 68 73}	# New orbit
{11 37 68 73}	# New orbit
{31 37 68 73}	# New orbit
{0 32 37 73}	# New orbit
{4 20 32 73}	# New orbit
{18 22 24 29}	# New orbit
{18 22 27 29}	# New orbit
{28 47 68 73}	# New orbit
{0 32 40 73}	# New orbit
{4 32 59 73}	# New orbit
{22 25 27 29}	# New orbit
{17 32 59 73}	# New orbit
{20 67 68 73}	# New orbit
{11 20 32 73}	# New orbit
{28 67 68 73}	# New orbit
{61 65 70 71}	# New orbit
{11 67 68 73}	# New orbit
{11 32 59 73}	# New orbit
{4 29 35 40}	# New orbit
{4 32 40 73}	# New orbit
{37 67 68 73}	# New orbit
{16 26 31 49}	# New orbit
{11 32 37 73}	# New orbit
{19 26 31 49}	# New orbit
{4 21 26 65}	# New orbit
{22 28 29 47}	# New orbit
{13 22 29 40}	# New orbit
{20 32 40 73}	# New orbit
{2 28 37 67}	# New orbit
{32 40 59 73}	# New orbit
{11 31 37 40}	# New orbit
{47 67 68 73}	# New orbit
{11 32 40 73}	# New orbit
{32 37 40 73}	# New orbit
{0 4 40 73}	# New orbit
{22 28 29 67}	# New orbit
{4 17 59 73}	# New orbit
{4 21 40 65}	# New orbit
{22 29 60 66}	# New orbit
{2 37 40 67}	# New orbit
{0 37 40 73}	# New orbit
{0 3 36 113}	# New orbit
{17 31 59 73}	# New orbit
{11 20 40 67}	# New orbit
{22 29 40 67}	# New orbit
{22 29 47 67}	# New orbit
{4 20 40 73}	# New orbit
{11 20 31 73}	# New orbit
{28 30 47 67}	# New orbit
{13 40 61 65}	# New orbit
{31 40 61 65}	# New orbit
{31 49 61 65}	# New orbit
{11 37 40 67}	# New orbit
{4 40 59 73}	# New orbit
{11 31 59 73}	# New orbit
{0 3 40 113}	# New orbit
{0 4 40 113}	# New orbit
{11 31 37 73}	# New orbit
{17 25 47 73}	# New orbit
{17 28 47 73}	# New orbit
{17 47 59 73}	# New orbit
{4 17 59 108}	# New orbit
{3 17 30 109}	# New orbit
{3 22 27 113}	# New orbit
{11 20 40 73}	# New orbit
{20 31 40 73}	# New orbit
{11 40 59 73}	# New orbit
{31 40 59 73}	# New orbit
{3 30 59 109}	# New orbit
{11 31 40 73}	# New orbit
{11 37 40 73}	# New orbit
{3 19 24 149}	# New orbit
{31 37 40 73}	# New orbit
{0 37 40 113}	# New orbit
{17 25 30 109}	# New orbit
{3 30 36 113}	# New orbit
{22 25 27 113}	# New orbit
{17 28 30 109}	# New orbit
{17 30 59 109}	# New orbit
{3 20 27 149}	# New orbit
{20 28 67 73}	# New orbit
{11 20 67 73}	# New orbit
{19 20 24 149}	# New orbit
{28 37 67 73}	# New orbit
{4 40 59 108}	# New orbit
{11 59 67 73}	# New orbit
{4 18 23 197}	# New orbit
{3 30 40 109}	# New orbit
{11 37 67 73}	# New orbit
{19 24 31 149}	# New orbit
{17 25 47 109}	# New orbit
{3 30 40 113}	# New orbit
{3 36 40 113}	# New orbit
{0 3 73 113}	# New orbit
{0 4 73 113}	# New orbit
{14 19 29 185}	# New orbit
{14 25 30 184}	# New orbit
{17 28 47 109}	# New orbit
{17 47 59 109}	# New orbit
{20 27 31 149}	# New orbit
{17 30 47 109}	# New orbit
{3 20 40 149}	# New orbit
{20 40 67 73}	# New orbit
{3 22 66 113}	# New orbit
{14 27 29 185}	# New orbit
{19 25 29 185}	# New orbit
{28 47 67 73}	# New orbit
{28 30 47 109}	# New orbit
{3 27 66 113}	# New orbit
{40 59 67 73}	# New orbit
{30 40 59 109}	# New orbit
{47 59 67 73}	# New orbit
{11 40 67 73}	# New orbit
{30 47 59 109}	# New orbit
{18 23 30 197}	# New orbit
{18 23 31 197}	# New orbit
{37 40 67 73}	# New orbit
{31 37 40 113}	# New orbit
{2 37 67 113}	# New orbit
{0 37 73 113}	# New orbit
{25 27 29 185}	# New orbit
{4 17 73 108}	# New orbit
{20 31 40 149}	# New orbit
{3 20 66 149}	# New orbit
{3 27 66 149}	# New orbit
{28 30 67 109}	# New orbit
{28 30 67 113}	# New orbit
{28 37 67 113}	# New orbit
{30 59 67 109}	# New orbit
{3 40 66 113}	# New orbit
{4 59 73 108}	# New orbit
{0 40 73 113}	# New orbit
{17 25 73 109}	# New orbit
{17 28 73 109}	# New orbit
{20 27 66 149}	# New orbit
{17 59 73 109}	# New orbit
{20 31 66 149}	# New orbit
{3 20 73 149}	# New orbit
{4 26 65 197}	# New orbit
{27 31 66 149}	# New orbit
{28 47 67 109}	# New orbit
{40 59 67 109}	# New orbit
{3 40 66 149}	# New orbit
{47 59 67 109}	# New orbit
{30 40 67 109}	# New orbit
{30 47 67 109}	# New orbit
{19 25 29 209}	# New orbit
{30 40 67 113}	# New orbit
{37 40 67 113}	# New orbit
{4 40 73 108}	# New orbit
{3 40 73 113}	# New orbit
{4 40 73 113}	# New orbit
{31 37 73 113}	# New orbit
{14 25 103 108}	# New orbit
{22 26 65 197}	# New orbit
{4 17 73 197}	# New orbit
{17 47 73 109}	# New orbit
{20 40 66 149}	# New orbit
{25 27 29 209}	# New orbit
{20 31 73 149}	# New orbit
{26 31 65 197}	# New orbit
{28 47 73 109}	# New orbit
{4 40 65 197}	# New orbit
{31 40 66 149}	# New orbit
{4 29 40 209}	# New orbit
{4 59 73 197}	# New orbit
{40 59 73 109}	# New orbit
{3 40 73 149}	# New orbit
{47 59 73 109}	# New orbit
{31 40 73 113}	# New orbit
{37 40 73 113}	# New orbit
{3 30 109 113}	# New orbit
{3 20 103 149}	# New orbit
{17 59 73 197}	# New orbit
{17 31 73 197}	# New orbit
{22 40 65 197}	# New orbit
{20 40 73 149}	# New orbit
{3 27 103 149}	# New orbit
{4 14 102 197}	# New orbit
{28 67 73 109}	# New orbit
{3 27 113 149}	# New orbit
{28 67 73 113}	# New orbit
{28 30 109 113}	# New orbit
{31 40 65 197}	# New orbit
{4 40 73 197}	# New orbit
{31 59 73 197}	# New orbit
{31 40 73 149}	# New orbit
{59 67 73 109}	# New orbit
{3 40 109 113}	# New orbit
{19 24 113 149}	# New orbit
{37 67 73 113}	# New orbit
{20 27 103 149}	# New orbit
{20 31 103 149}	# New orbit
{14 25 109 184}	# New orbit
{20 28 67 209}	# New orbit
{4 20 73 209}	# New orbit
{4 26 102 197}	# New orbit
{27 31 103 149}	# New orbit
{14 26 102 197}	# New orbit
{14 31 102 197}	# New orbit
{14 30 109 184}	# New orbit
{28 29 67 209}	# New orbit
{27 31 113 149}	# New orbit
{40 59 73 197}	# New orbit
{31 40 73 197}	# New orbit
{40 67 73 109}	# New orbit
{3 40 113 149}	# New orbit
{47 67 73 109}	# New orbit
{40 67 73 113}	# New orbit
{30 40 109 113}	# New orbit
{25 30 109 184}	# New orbit
{17 59 109 197}	# New orbit
{17 30 109 197}	# New orbit
{20 28 73 209}	# New orbit
{20 40 67 209}	# New orbit
{26 31 102 197}	# New orbit
{14 73 103 108}	# New orbit
{4 26 148 197}	# New orbit
{28 67 109 113}	# New orbit
{29 40 67 209}	# New orbit
{30 59 109 197}	# New orbit
{18 23 148 197}	# New orbit
{4 40 113 197}	# New orbit
{4 40 73 209}	# New orbit
{31 40 113 149}	# New orbit
{3 66 113 149}	# New orbit
{30 67 109 113}	# New orbit
{3 73 109 113}	# New orbit
{25 73 103 108}	# New orbit
{20 40 73 209}	# New orbit
{14 26 184 197}	# New orbit
{3 73 103 149}	# New orbit
{14 30 184 197}	# New orbit
{20 25 103 209}	# New orbit
{26 31 148 197}	# New orbit
{27 66 113 149}	# New orbit
{28 73 109 113}	# New orbit
{40 59 109 197}	# New orbit
{4 40 148 197}	# New orbit
{30 40 109 197}	# New orbit
{31 40 113 197}	# New orbit
{4 29 108 209}	# New orbit
{40 67 109 113}	# New orbit
{31 66 113 149}	# New orbit
{3 73 113 149}	# New orbit
{22 26 184 197}	# New orbit
{20 27 103 209}	# New orbit
{25 27 103 209}	# New orbit
{20 73 103 149}	# New orbit
{20 67 73 209}	# New orbit
{25 27 113 209}	# New orbit
{26 30 184 197}	# New orbit
{4 73 102 197}	# New orbit
{31 73 103 149}	# New orbit
{14 73 102 197}	# New orbit
{28 67 73 209}	# New orbit
{28 29 108 209}	# New orbit
{31 40 148 197}	# New orbit
{4 65 148 197}	# New orbit
{4 40 108 209}	# New orbit
{19 24 149 209}	# New orbit
{40 66 113 149}	# New orbit
{4 40 113 209}	# New orbit
{4 73 113 197}	# New orbit
{40 73 109 113}	# New orbit
{31 73 113 149}	# New orbit
{20 27 149 209}	# New orbit
{17 73 109 197}	# New orbit
{4 29 194 209}	# New orbit
{31 73 102 197}	# New orbit
{3 103 113 149}	# New orbit
{26 65 148 197}	# New orbit
{31 65 148 197}	# New orbit
{19 24 196 209}	# New orbit
{40 67 73 209}	# New orbit
{29 40 108 209}	# New orbit
{59 73 109 197}	# New orbit
{4 73 148 197}	# New orbit
{40 73 108 149}	# New orbit
{40 73 113 149}	# New orbit
{31 73 113 197}	# New orbit
{67 73 109 113}	# New orbit
{19 29 194 209}	# New orbit
{19 29 185 209}	# New orbit
{25 27 185 209}	# New orbit
{25 29 185 209}	# New orbit
{19 29 196 209}	# New orbit
{20 40 149 209}	# New orbit
{28 29 194 209}	# New orbit
{14 103 108 185}	# New orbit
{27 29 185 209}	# New orbit
{27 103 113 149}	# New orbit
{31 103 113 149}	# New orbit
{14 102 109 197}	# New orbit
{27 29 196 209}	# New orbit
{28 67 108 209}	# New orbit
{28 67 113 209}	# New orbit
{40 65 148 197}	# New orbit
{40 73 109 197}	# New orbit
{29 67 108 209}	# New orbit
{31 73 148 197}	# New orbit
{40 73 113 197}	# New orbit
{4 73 108 209}	# New orbit
{4 73 113 209}	# New orbit
{25 103 108 185}	# New orbit
{20 73 103 209}	# New orbit
{25 73 103 209}	# New orbit
{20 66 149 209}	# New orbit
{4 102 148 197}	# New orbit
{27 66 149 209}	# New orbit
{28 73 108 209}	# New orbit
{28 73 113 209}	# New orbit
{29 40 196 209}	# New orbit
{40 67 108 209}	# New orbit
{40 73 148 197}	# New orbit
{40 67 113 209}	# New orbit
{30 109 113 197}	# New orbit
{21 66 196 209}	# New orbit
{20 73 149 209}	# New orbit
{4 73 194 209}	# New orbit
{27 103 149 185}	# New orbit
{14 102 184 197}	# New orbit
{27 103 149 196}	# New orbit
{31 103 149 196}	# New orbit
{14 109 184 197}	# New orbit
{27 66 196 209}	# New orbit
{40 66 149 209}	# New orbit
{29 66 196 209}	# New orbit
{40 109 113 197}	# New orbit
{40 73 108 209}	# New orbit
{40 73 113 209}	# New orbit
{20 73 194 209}	# New orbit
{25 103 108 209}	# New orbit
{25 103 113 209}	# New orbit
{31 73 197 206}	# New orbit
{26 102 184 197}	# New orbit
{27 103 113 209}	# New orbit
{30 109 184 197}	# New orbit
{73 103 108 149}	# New orbit
{73 103 113 149}	# New orbit
{40 66 196 209}	# New orbit
{40 109 148 197}	# New orbit
{40 73 149 209}	# New orbit
{67 73 108 209}	# New orbit
{67 73 113 209}	# New orbit
{20 103 149 209}	# New orbit
{4 108 194 209}	# New orbit
{4 113 194 209}	# New orbit
{26 148 184 197}	# New orbit
{27 103 149 209}	# New orbit
{73 102 109 197}	# New orbit
{27 113 149 209}	# New orbit
{73 109 113 197}	# New orbit
{17 109 197 206}	# New orbit
{25 103 185 209}	# New orbit
{25 108 185 209}	# New orbit
{28 108 194 209}	# New orbit
{30 109 197 206}	# New orbit
{29 108 194 209}	# New orbit
{31 113 197 206}	# New orbit
{27 103 185 209}	# New orbit
{29 108 185 209}	# New orbit
{73 103 149 196}	# New orbit
{40 108 149 209}	# New orbit
{29 108 196 209}	# New orbit
{40 113 149 209}	# New orbit
{73 109 148 197}	# New orbit
{27 149 185 209}	# New orbit
{73 103 108 209}	# New orbit
{73 103 113 209}	# New orbit
{27 149 196 209}	# New orbit
{40 108 196 209}	# New orbit
{66 113 149 209}	# New orbit
{30 184 197 206}	# New orbit
{29 185 194 209}	# New orbit
{103 108 149 185}	# New orbit
{27 185 196 209}	# New orbit
{29 185 196 209}	# New orbit
{102 109 148 197}	# New orbit
{73 103 149 209}	# New orbit
{40 149 196 209}	# New orbit
{73 108 149 209}	# New orbit
{73 113 149 209}	# New orbit
{73 109 197 206}	# New orbit
{73 108 194 209}	# New orbit
{73 113 194 209}	# New orbit
{102 109 184 197}	# New orbit
{66 149 196 209}	# New orbit
{103 149 185 196}	# New orbit
{109 148 184 197}	# New orbit
{103 108 149 209}	# New orbit
{103 113 149 209}	# New orbit
{103 108 194 209}	# New orbit
{109 113 197 206}	# New orbit
{103 108 185 209}	# New orbit
{103 149 185 209}	# New orbit
{108 149 185 209}	# New orbit
{108 149 196 209}	# New orbit
{109 184 197 206}	# New orbit
{108 185 194 209}	# New orbit
{108 185 196 209}	# New orbit
{149 185 196 209}	# New orbit
{13 34 35 70 71}	# New orbit	# Dimension 12
{13 22 29 70 71}	# New orbit
{0 4 32 40 73}	# New orbit
{11 31 37 68 73}	# New orbit
{16 26 49 70 71}	# New orbit
{19 26 49 70 71}	# New orbit
{4 17 32 59 73}	# New orbit
{18 22 25 27 29}	# New orbit
{0 32 37 40 73}	# New orbit
{20 28 67 68 73}	# New orbit
{11 20 67 68 73}	# New orbit
{4 20 32 40 73}	# New orbit
{18 22 24 29 48}	# New orbit
{18 22 27 29 48}	# New orbit
{28 37 67 68 73}	# New orbit
{13 61 65 70 71}	# New orbit
{4 32 40 59 73}	# New orbit
{11 37 67 68 73}	# New orbit
{11 20 32 40 73}	# New orbit
{28 47 67 68 73}	# New orbit
{11 32 40 59 73}	# New orbit
{49 61 65 70 71}	# New orbit
{11 32 37 40 73}	# New orbit
{22 28 29 47 67}	# New orbit
{22 29 40 60 66}	# New orbit
{22 29 48 60 66}	# New orbit
{0 3 36 40 113}	# New orbit
{3 17 30 59 109}	# New orbit
{11 20 31 40 73}	# New orbit
{3 19 20 24 149}	# New orbit
{11 31 40 59 73}	# New orbit
{11 31 37 40 73}	# New orbit
{19 20 24 31 149}	# New orbit
{14 19 25 29 185}	# New orbit
{3 30 40 59 109}	# New orbit
{17 25 30 47 109}	# New orbit
{3 30 36 40 113}	# New orbit
{14 25 27 29 185}	# New orbit
{17 28 30 47 109}	# New orbit
{17 30 47 59 109}	# New orbit
{3 22 27 66 113}	# New orbit
{11 20 40 67 73}	# New orbit
{2 28 37 67 113}	# New orbit
{11 40 59 67 73}	# New orbit
{11 37 40 67 73}	# New orbit
{0 3 40 73 113}	# New orbit
{0 4 40 73 113}	# New orbit
{3 20 27 66 149}	# New orbit
{4 17 59 73 108}	# New orbit
{3 22 40 66 113}	# New orbit
{2 37 40 67 113}	# New orbit
{0 37 40 73 113}	# New orbit
{20 27 31 66 149}	# New orbit
{3 20 40 66 149}	# New orbit
{28 30 47 67 109}	# New orbit
{30 40 59 67 109}	# New orbit
{30 47 59 67 109}	# New orbit
{4 40 59 73 108}	# New orbit
{17 25 47 73 109}	# New orbit
{17 28 47 73 109}	# New orbit
{4 17 59 73 197}	# New orbit
{17 47 59 73 109}	# New orbit
{20 31 40 66 149}	# New orbit
{3 20 40 73 149}	# New orbit
{3 19 24 113 149}	# New orbit
{31 37 40 73 113}	# New orbit
{3 20 27 103 149}	# New orbit
{17 31 59 73 197}	# New orbit
{20 31 40 73 149}	# New orbit
{4 14 26 102 197}	# New orbit
{28 37 67 73 113}	# New orbit
{4 40 59 73 197}	# New orbit
{3 30 40 109 113}	# New orbit
{19 24 31 113 149}	# New orbit
{20 27 31 103 149}	# New orbit
{14 25 30 109 184}	# New orbit
{14 26 31 102 197}	# New orbit
{28 47 67 73 109}	# New orbit
{31 40 59 73 197}	# New orbit
{40 59 67 73 109}	# New orbit
{4 18 23 148 197}	# New orbit
{47 59 67 73 109}	# New orbit
{37 40 67 73 113}	# New orbit
{14 25 73 103 108}	# New orbit
{17 30 59 109 197}	# New orbit
{4 20 40 73 209}	# New orbit
{3 27 66 113 149}	# New orbit
{28 30 67 109 113}	# New orbit
{18 23 31 148 197}	# New orbit
{14 22 26 184 197}	# New orbit
{3 20 73 103 149}	# New orbit
{14 26 30 184 197}	# New orbit
{20 25 27 103 209}	# New orbit
{4 14 73 102 197}	# New orbit
{27 31 66 113 149}	# New orbit
{30 40 59 109 197}	# New orbit
{3 40 66 113 149}	# New orbit
{30 40 67 109 113}	# New orbit
{3 40 73 109 113}	# New orbit
{20 31 73 103 149}	# New orbit
{20 28 67 73 209}	# New orbit
{19 20 24 149 209}	# New orbit
{14 31 73 102 197}	# New orbit
{4 26 65 148 197}	# New orbit
{4 29 40 108 209}	# New orbit
{31 40 66 113 149}	# New orbit
{3 40 73 113 149}	# New orbit
{17 59 73 109 197}	# New orbit
{20 40 67 73 209}	# New orbit
{3 27 103 113 149}	# New orbit
{19 25 29 185 209}	# New orbit
{26 31 65 148 197}	# New orbit
{28 67 73 109 113}	# New orbit
{4 40 65 148 197}	# New orbit
{19 24 29 196 209}	# New orbit
{4 40 73 113 197}	# New orbit
{31 40 73 113 149}	# New orbit
{14 25 103 108 185}	# New orbit
{25 27 29 185 209}	# New orbit
{27 31 103 113 149}	# New orbit
{20 25 73 103 209}	# New orbit
{28 29 67 108 209}	# New orbit
{31 40 65 148 197}	# New orbit
{40 59 73 109 197}	# New orbit
{4 40 73 148 197}	# New orbit
{31 40 73 113 197}	# New orbit
{40 67 73 109 113}	# New orbit
{20 27 66 149 209}	# New orbit
{4 26 102 148 197}	# New orbit
{29 40 67 108 209}	# New orbit
{31 40 73 148 197}	# New orbit
{4 40 73 108 209}	# New orbit
{4 40 73 113 209}	# New orbit
{4 20 73 194 209}	# New orbit
{21 27 66 196 209}	# New orbit
{20 40 66 149 209}	# New orbit
{14 26 102 184 197}	# New orbit
{27 31 103 149 196}	# New orbit
{3 73 103 113 149}	# New orbit
{14 30 109 184 197}	# New orbit
{27 29 66 196 209}	# New orbit
{30 40 109 113 197}	# New orbit
{20 28 73 194 209}	# New orbit
{25 27 103 113 209}	# New orbit
{21 40 66 196 209}	# New orbit
{20 40 73 149 209}	# New orbit
{31 73 103 113 149}	# New orbit
{14 73 102 109 197}	# New orbit
{28 67 73 108 209}	# New orbit
{28 67 73 113 209}	# New orbit
{29 40 66 196 209}	# New orbit
{19 24 113 149 209}	# New orbit
{20 27 103 149 209}	# New orbit
{4 29 108 194 209}	# New orbit
{4 73 102 148 197}	# New orbit
{40 67 73 108 209}	# New orbit
{40 67 73 113 209}	# New orbit
{17 30 109 197 206}	# New orbit
{25 27 103 185 209}	# New orbit
{25 29 108 185 209}	# New orbit
{28 29 108 194 209}	# New orbit
{31 73 103 149 196}	# New orbit
{19 24 149 196 209}	# New orbit
{40 73 109 113 197}	# New orbit
{25 73 103 108 209}	# New orbit
{25 73 103 113 209}	# New orbit
{27 66 113 149 209}	# New orbit
{29 40 108 196 209}	# New orbit
{40 73 109 148 197}	# New orbit
{19 29 185 194 209}	# New orbit
{19 29 185 196 209}	# New orbit
{20 73 103 149 209}	# New orbit
{27 29 185 194 209}	# New orbit
{4 73 108 194 209}	# New orbit
{4 73 113 194 209}	# New orbit
{14 102 109 184 197}	# New orbit
{27 29 185 196 209}	# New orbit
{40 66 113 149 209}	# New orbit
{17 73 109 197 206}	# New orbit
{28 73 108 194 209}	# New orbit
{31 73 113 197 206}	# New orbit
{27 66 149 196 209}	# New orbit
{40 73 108 149 209}	# New orbit
{40 73 113 149 209}	# New orbit
{27 103 149 185 196}	# New orbit
{27 103 113 149 209}	# New orbit
{40 66 149 196 209}	# New orbit
{25 103 108 185 209}	# New orbit
{30 109 113 197 206}	# New orbit
{73 102 109 148 197}	# New orbit
{27 103 149 185 209}	# New orbit
{30 109 184 197 206}	# New orbit
{29 108 185 194 209}	# New orbit
{29 108 185 196 209}	# New orbit
{73 103 108 149 209}	# New orbit
{73 103 113 149 209}	# New orbit
{40 108 149 196 209}	# New orbit
{73 103 108 194 209}	# New orbit
{73 109 113 197 206}	# New orbit
{27 149 185 196 209}	# New orbit
{102 109 148 184 197}	# New orbit
{103 108 149 185 209}	# New orbit
{103 108 185 194 209}	# New orbit
{108 149 185 196 209}	# New orbit

MAXIMAL_CONES_ORBITS
{13 34 35 70 71}	# New orbit	# Dimension 12
{13 22 29 70 71}	# New orbit
{0 4 32 40 73}	# New orbit
{11 31 37 68 73}	# New orbit
{16 26 49 70 71}	# New orbit
{19 26 49 70 71}	# New orbit
{4 17 32 59 73}	# New orbit
{18 22 25 27 29}	# New orbit
{0 32 37 40 73}	# New orbit
{20 28 67 68 73}	# New orbit
{11 20 67 68 73}	# New orbit
{4 20 32 40 73}	# New orbit
{18 22 24 29 48}	# New orbit
{18 22 27 29 48}	# New orbit
{28 37 67 68 73}	# New orbit
{13 61 65 70 71}	# New orbit
{4 32 40 59 73}	# New orbit
{11 37 67 68 73}	# New orbit
{11 20 32 40 73}	# New orbit
{28 47 67 68 73}	# New orbit
{11 32 40 59 73}	# New orbit
{49 61 65 70 71}	# New orbit
{11 32 37 40 73}	# New orbit
{22 28 29 47 67}	# New orbit
{22 29 40 60 66}	# New orbit
{22 29 48 60 66}	# New orbit
{0 3 36 40 113}	# New orbit
{3 17 30 59 109}	# New orbit
{11 20 31 40 73}	# New orbit
{3 19 20 24 149}	# New orbit
{11 31 40 59 73}	# New orbit
{11 31 37 40 73}	# New orbit
{19 20 24 31 149}	# New orbit
{14 19 25 29 185}	# New orbit
{3 30 40 59 109}	# New orbit
{17 25 30 47 109}	# New orbit
{3 30 36 40 113}	# New orbit
{14 25 27 29 185}	# New orbit
{17 28 30 47 109}	# New orbit
{17 30 47 59 109}	# New orbit
{3 22 27 66 113}	# New orbit
{11 20 40 67 73}	# New orbit
{2 28 37 67 113}	# New orbit
{11 40 59 67 73}	# New orbit
{11 37 40 67 73}	# New orbit
{0 3 40 73 113}	# New orbit
{0 4 40 73 113}	# New orbit
{3 20 27 66 149}	# New orbit
{4 17 59 73 108}	# New orbit
{3 22 40 66 113}	# New orbit
{2 37 40 67 113}	# New orbit
{0 37 40 73 113}	# New orbit
{20 27 31 66 149}	# New orbit
{3 20 40 66 149}	# New orbit
{28 30 47 67 109}	# New orbit
{30 40 59 67 109}	# New orbit
{30 47 59 67 109}	# New orbit
{4 40 59 73 108}	# New orbit
{17 25 47 73 109}	# New orbit
{17 28 47 73 109}	# New orbit
{4 17 59 73 197}	# New orbit
{17 47 59 73 109}	# New orbit
{20 31 40 66 149}	# New orbit
{3 20 40 73 149}	# New orbit
{3 19 24 113 149}	# New orbit
{31 37 40 73 113}	# New orbit
{3 20 27 103 149}	# New orbit
{17 31 59 73 197}	# New orbit
{20 31 40 73 149}	# New orbit
{4 14 26 102 197}	# New orbit
{28 37 67 73 113}	# New orbit
{4 40 59 73 197}	# New orbit
{3 30 40 109 113}	# New orbit
{19 24 31 113 149}	# New orbit
{20 27 31 103 149}	# New orbit
{14 25 30 109 184}	# New orbit
{14 26 31 102 197}	# New orbit
{28 47 67 73 109}	# New orbit
{31 40 59 73 197}	# New orbit
{40 59 67 73 109}	# New orbit
{4 18 23 148 197}	# New orbit
{47 59 67 73 109}	# New orbit
{37 40 67 73 113}	# New orbit
{14 25 73 103 108}	# New orbit
{17 30 59 109 197}	# New orbit
{4 20 40 73 209}	# New orbit
{3 27 66 113 149}	# New orbit
{28 30 67 109 113}	# New orbit
{18 23 31 148 197}	# New orbit
{14 22 26 184 197}	# New orbit
{3 20 73 103 149}	# New orbit
{14 26 30 184 197}	# New orbit
{20 25 27 103 209}	# New orbit
{4 14 73 102 197}	# New orbit
{27 31 66 113 149}	# New orbit
{30 40 59 109 197}	# New orbit
{3 40 66 113 149}	# New orbit
{30 40 67 109 113}	# New orbit
{3 40 73 109 113}	# New orbit
{20 31 73 103 149}	# New orbit
{20 28 67 73 209}	# New orbit
{19 20 24 149 209}	# New orbit
{14 31 73 102 197}	# New orbit
{4 26 65 148 197}	# New orbit
{4 29 40 108 209}	# New orbit
{31 40 66 113 149}	# New orbit
{3 40 73 113 149}	# New orbit
{17 59 73 109 197}	# New orbit
{20 40 67 73 209}	# New orbit
{3 27 103 113 149}	# New orbit
{19 25 29 185 209}	# New orbit
{26 31 65 148 197}	# New orbit
{28 67 73 109 113}	# New orbit
{4 40 65 148 197}	# New orbit
{19 24 29 196 209}	# New orbit
{4 40 73 113 197}	# New orbit
{31 40 73 113 149}	# New orbit
{14 25 103 108 185}	# New orbit
{25 27 29 185 209}	# New orbit
{27 31 103 113 149}	# New orbit
{20 25 73 103 209}	# New orbit
{28 29 67 108 209}	# New orbit
{31 40 65 148 197}	# New orbit
{40 59 73 109 197}	# New orbit
{4 40 73 148 197}	# New orbit
{31 40 73 113 197}	# New orbit
{40 67 73 109 113}	# New orbit
{20 27 66 149 209}	# New orbit
{4 26 102 148 197}	# New orbit
{29 40 67 108 209}	# New orbit
{31 40 73 148 197}	# New orbit
{4 40 73 108 209}	# New orbit
{4 40 73 113 209}	# New orbit
{4 20 73 194 209}	# New orbit
{21 27 66 196 209}	# New orbit
{20 40 66 149 209}	# New orbit
{14 26 102 184 197}	# New orbit
{27 31 103 149 196}	# New orbit
{3 73 103 113 149}	# New orbit
{14 30 109 184 197}	# New orbit
{27 29 66 196 209}	# New orbit
{30 40 109 113 197}	# New orbit
{20 28 73 194 209}	# New orbit
{25 27 103 113 209}	# New orbit
{21 40 66 196 209}	# New orbit
{20 40 73 149 209}	# New orbit
{31 73 103 113 149}	# New orbit
{14 73 102 109 197}	# New orbit
{28 67 73 108 209}	# New orbit
{28 67 73 113 209}	# New orbit
{29 40 66 196 209}	# New orbit
{19 24 113 149 209}	# New orbit
{20 27 103 149 209}	# New orbit
{4 29 108 194 209}	# New orbit
{4 73 102 148 197}	# New orbit
{40 67 73 108 209}	# New orbit
{40 67 73 113 209}	# New orbit
{17 30 109 197 206}	# New orbit
{25 27 103 185 209}	# New orbit
{25 29 108 185 209}	# New orbit
{28 29 108 194 209}	# New orbit
{31 73 103 149 196}	# New orbit
{19 24 149 196 209}	# New orbit
{40 73 109 113 197}	# New orbit
{25 73 103 108 209}	# New orbit
{25 73 103 113 209}	# New orbit
{27 66 113 149 209}	# New orbit
{29 40 108 196 209}	# New orbit
{40 73 109 148 197}	# New orbit
{19 29 185 194 209}	# New orbit
{19 29 185 196 209}	# New orbit
{20 73 103 149 209}	# New orbit
{27 29 185 194 209}	# New orbit
{4 73 108 194 209}	# New orbit
{4 73 113 194 209}	# New orbit
{14 102 109 184 197}	# New orbit
{27 29 185 196 209}	# New orbit
{40 66 113 149 209}	# New orbit
{17 73 109 197 206}	# New orbit
{28 73 108 194 209}	# New orbit
{31 73 113 197 206}	# New orbit
{27 66 149 196 209}	# New orbit
{40 73 108 149 209}	# New orbit
{40 73 113 149 209}	# New orbit
{27 103 149 185 196}	# New orbit
{27 103 113 149 209}	# New orbit
{40 66 149 196 209}	# New orbit
{25 103 108 185 209}	# New orbit
{30 109 113 197 206}	# New orbit
{73 102 109 148 197}	# New orbit
{27 103 149 185 209}	# New orbit
{30 109 184 197 206}	# New orbit
{29 108 185 194 209}	# New orbit
{29 108 185 196 209}	# New orbit
{73 103 108 149 209}	# New orbit
{73 103 113 149 209}	# New orbit
{40 108 149 196 209}	# New orbit
{73 103 108 194 209}	# New orbit
{73 109 113 197 206}	# New orbit
{27 149 185 196 209}	# New orbit
{102 109 148 184 197}	# New orbit
{103 108 149 185 209}	# New orbit
{103 108 185 194 209}	# New orbit
{108 149 185 196 209}	# New orbit

MULTIPLICITIES_ORBITS
1	# New orbit	# Dimension 12
1	# New orbit
1	# New orbit
1	# New orbit
1	# New orbit
1	# New orbit
1	# New orbit
1	# New orbit
1	# New orbit
1	# New orbit
1	# New orbit
1	# New orbit
1	# New orbit
1	# New orbit
1	# New orbit
1	# New orbit
1	# New orbit
1	# New orbit
1	# New orbit
1	# New orbit
1	# New orbit
1	# New orbit
1	# New orbit
1	# New orbit
1	# New orbit
1	# New orbit
1	# New orbit
1	# New orbit
1	# New orbit
1	# New orbit
1	# New orbit
1	# New orbit
1	# New orbit
1	# New orbit
1	# New orbit
1	# New orbit
1	# New orbit
1	# New orbit
1	# New orbit
1	# New orbit
1	# New orbit
1	# New orbit
1	# New orbit
1	# New orbit
1	# New orbit
1	# New orbit
1	# New orbit
1	# New orbit
1	# New orbit
1	# New orbit
1	# New orbit
1	# New orbit
1	# New orbit
1	# New orbit
1	# New orbit
1	# New orbit
1	# New orbit
1	# New orbit
1	# New orbit
1	# New orbit
1	# New orbit
1	# New orbit
1	# New orbit
1	# New orbit
1	# New orbit
1	# New orbit
1	# New orbit
1	# New orbit
1	# New orbit
1	# New orbit
1	# New orbit
1	# New orbit
1	# New orbit
1	# New orbit
1	# New orbit
1	# New orbit
1	# New orbit
1	# New orbit
1	# New orbit
1	# New orbit
1	# New orbit
1	# New orbit
1	# New orbit
1	# New orbit
1	# New orbit
1	# New orbit
1	# New orbit
1	# New orbit
1	# New orbit
1	# New orbit
1	# New orbit
1	# New orbit
1	# New orbit
1	# New orbit
1	# New orbit
1	# New orbit
1	# New orbit
1	# New orbit
1	# New orbit
1	# New orbit
1	# New orbit
1	# New orbit
1	# New orbit
1	# New orbit
1	# New orbit
1	# New orbit
1	# New orbit
1	# New orbit
1	# New orbit
1	# New orbit
1	# New orbit
1	# New orbit
1	# New orbit
1	# New orbit
1	# New orbit
1	# New orbit
1	# New orbit
1	# New orbit
1	# New orbit
1	# New orbit
1	# New orbit
1	# New orbit
1	# New orbit
1	# New orbit
1	# New orbit
1	# New orbit
1	# New orbit
1	# New orbit
1	# New orbit
1	# New orbit
1	# New orbit
1	# New orbit
1	# New orbit
1	# New orbit
1	# New orbit
1	# New orbit
1	# New orbit
1	# New orbit
1	# New orbit
1	# New orbit
1	# New orbit
1	# New orbit
1	# New orbit
1	# New orbit
1	# New orbit
1	# New orbit
1	# New orbit
1	# New orbit
1	# New orbit
1	# New orbit
1	# New orbit
1	# New orbit
1	# New orbit
1	# New orbit
1	# New orbit
1	# New orbit
1	# New orbit
1	# New orbit
1	# New orbit
1	# New orbit
1	# New orbit
1	# New orbit
1	# New orbit
1	# New orbit
1	# New orbit
1	# New orbit
1	# New orbit
1	# New orbit
1	# New orbit
1	# New orbit
1	# New orbit
1	# New orbit
1	# New orbit
1	# New orbit
1	# New orbit
1	# New orbit
1	# New orbit
1	# New orbit
1	# New orbit
1	# New orbit
1	# New orbit
1	# New orbit
1	# New orbit
1	# New orbit
1	# New orbit
1	# New orbit
1	# New orbit
1	# New orbit
1	# New orbit
1	# New orbit
1	# New orbit
1	# New orbit
1	# New orbit
1	# New orbit
1	# New orbit
1	# New orbit
1	# New orbit
1	# New orbit
1	# New orbit
1	# New orbit
1	# New orbit
1	# New orbit
1	# New orbit
1	# New orbit
