_application fan
_version 2.2
_type SymmetricFan

AMBIENT_DIM
33

DIM
11

LINEALITY_DIM
7

RAYS
-1 0 0 -1 0 0 -1 -1 0 0 1 1 0 0 1 0 0 1 0 1 1 0 0 1 0 0 1 0 1 1 -8 1 1	# 0
-1 0 0 0 1 1 0 0 1 -1 0 0 -1 -1 0 0 0 1 0 1 1 0 0 1 1 1 -8 1 0 0 1 0 1	# 1
0 -1 0 0 -1 0 -1 0 -1 1 0 1 0 1 0 0 1 0 1 0 1 0 1 0 0 1 0 0 1 -8 1 1 1	# 2
0 -1 0 1 0 1 0 1 0 0 -1 0 -1 0 -1 0 1 0 1 0 1 0 1 0 1 -8 1 1 0 1 0 0 1	# 3
0 0 -1 0 0 -1 0 -1 -1 1 1 0 1 0 0 1 0 0 1 1 0 1 0 0 1 0 0 0 -8 1 1 1 1	# 4
0 0 -1 1 1 0 1 0 0 0 0 -1 0 -1 -1 1 0 0 1 1 0 1 0 0 -8 1 1 1 1 0 0 0 1	# 5
0 1 1 -1 0 0 0 0 1 -1 0 0 0 0 1 -1 -1 0 0 1 1 1 1 -8 0 0 1 1 0 0 1 1 0	# 6
1 0 1 0 -1 0 0 1 0 0 -1 0 0 1 0 -1 0 -1 1 0 1 1 -8 1 0 1 0 1 0 1 0 1 0	# 7
1 1 0 0 0 -1 1 0 0 0 0 -1 1 0 0 0 -1 -1 1 1 0 -8 1 1 1 0 0 1 1 0 0 1 0	# 8
-10 -4 -4 -1 5 5 5 5 -4 -1 5 5 5 5 -4 -1 -1 -10 -3 3 3 3 3 -6 -3 -3 3 3 -3 -3 3 3 -3	# 9
-4 -10 -4 5 -1 5 5 -4 5 5 -1 5 5 -4 5 -1 -10 -1 3 -3 3 3 -6 3 -3 3 -3 3 -3 3 -3 3 -3	# 10
-4 -4 -10 5 5 -1 -4 5 5 5 5 -1 -4 5 5 -10 -1 -1 3 3 -3 -6 3 3 3 -3 -3 3 3 -3 -3 3 -3	# 11
-1 5 5 -10 -4 -4 5 5 -4 -1 5 5 -1 -1 -10 5 5 -4 -3 3 3 -3 -3 3 3 3 -6 3 -3 -3 3 -3 3	# 12
-1 5 5 -1 5 5 -1 -1 -10 -10 -4 -4 5 5 -4 5 5 -4 -3 3 3 -3 -3 3 -3 -3 3 -3 3 3 -6 3 3	# 13
5 -1 5 -4 -10 -4 5 -4 5 5 -1 5 -1 -10 -1 5 -4 5 3 -3 3 -3 3 -3 3 -6 3 3 -3 3 -3 -3 3	# 14
5 -1 5 5 -1 5 -1 -10 -1 -4 -10 -4 5 -4 5 5 -4 5 3 -3 3 -3 3 -3 -3 3 -3 -3 3 -6 3 3 3	# 15
5 5 -1 -4 -4 -10 -4 5 5 5 5 -1 -10 -1 -1 -4 5 5 3 3 -3 3 -3 -3 -6 3 3 3 3 -3 -3 -3 3	# 16
5 5 -1 5 5 -1 -10 -1 -1 -4 -4 -10 -4 5 5 -4 5 5 3 3 -3 3 -3 -3 3 -3 -3 -3 -6 3 3 3 3	# 17
-5 -5 -5 -5 -5 -5 5 5 5 -5 -5 -5 5 5 5 5 5 5 -3 -3 -3 7 7 7 7 7 7 -18 7 7 7 -18 -18	# 18
5 5 5 5 5 5 -5 -5 -5 5 5 5 -5 -5 -5 -5 -5 -5 -18 -18 -18 7 7 7 7 7 7 -3 7 7 7 -3 -3	# 19
-17 -17 -17 -17 -17 -17 -4 -4 -4 4 4 4 17 17 17 17 17 17 8 8 8 21 21 21 21 21 21 -36 -28 -28 -28 -15 -15	# 20
-17 -17 -17 4 4 4 17 17 17 -17 -17 -17 -4 -4 -4 17 17 17 8 8 8 21 21 21 -28 -28 -28 -15 21 21 21 -36 -15	# 21
-4 17 17 -4 17 17 -17 -17 4 -4 17 17 -17 -17 4 -17 -17 4 -36 -15 -15 21 21 -28 21 21 -28 8 21 21 -28 8 8	# 22
4 4 4 -17 -17 -17 17 17 17 -17 -17 -17 17 17 17 -4 -4 -4 8 8 8 -28 -28 -28 21 21 21 -15 21 21 21 -15 -36	# 23
17 -4 17 17 -4 17 -17 4 -17 17 -4 17 -17 4 -17 -17 4 -17 -15 -36 -15 21 -28 21 21 -28 21 8 21 -28 21 8 8	# 24
17 17 -4 17 17 -4 4 -17 -17 17 17 -4 4 -17 -17 4 -17 -17 -15 -15 -36 -28 21 21 -28 21 21 8 -28 21 21 8 8	# 25
-47 16 16 -47 16 16 19 19 -23 -47 16 16 19 19 -23 19 19 -23 -45 18 18 21 21 -21 21 21 -21 -18 21 21 -21 -18 -18	# 26
-23 -23 -23 19 19 19 16 16 16 19 19 19 16 16 16 -47 -47 -47 -18 -18 -18 -21 -21 -21 21 21 21 18 21 21 21 18 -45	# 27
16 -47 16 16 -47 16 19 -23 19 16 -47 16 19 -23 19 19 -23 19 18 -45 18 21 -21 21 21 -21 21 -18 21 -21 21 -18 -18	# 28
16 16 -47 16 16 -47 -23 19 19 16 16 -47 -23 19 19 -23 19 19 18 18 -45 -21 21 21 -21 21 21 -18 -21 21 21 -18 -18	# 29
19 19 19 -23 -23 -23 16 16 16 19 19 19 -47 -47 -47 16 16 16 -18 -18 -18 21 21 21 -21 -21 -21 18 21 21 21 -45 18	# 30
19 19 19 19 19 19 -47 -47 -47 -23 -23 -23 16 16 16 16 16 16 -18 -18 -18 21 21 21 21 21 21 -45 -21 -21 -21 18 18	# 31
-118 -118 -118 29 29 29 41 41 41 29 29 29 41 41 41 -22 -22 -22 30 30 30 42 42 42 -21 -21 -21 -9 -21 -21 -21 -9 -72	# 32
-22 41 41 -22 41 41 29 29 -118 -22 41 41 29 29 -118 29 29 -118 -72 -9 -9 -21 -21 42 -21 -21 42 30 -21 -21 42 30 30	# 33
29 29 29 -118 -118 -118 41 41 41 29 29 29 -22 -22 -22 41 41 41 30 30 30 -21 -21 -21 42 42 42 -9 -21 -21 -21 -72 -9	# 34
29 29 29 29 29 29 -22 -22 -22 -118 -118 -118 41 41 41 41 41 41 30 30 30 -21 -21 -21 -21 -21 -21 -72 42 42 42 -9 -9	# 35
41 -22 41 41 -22 41 29 -118 29 41 -22 41 29 -118 29 29 -118 29 -9 -72 -9 -21 42 -21 -21 42 -21 30 -21 42 -21 30 30	# 36
41 41 -22 41 41 -22 -118 29 29 41 41 -22 -118 29 29 -118 29 29 -9 -9 -72 42 -21 -21 42 -21 -21 30 42 -21 -21 30 30	# 37
-94 11 11 -94 11 11 17 17 -88 -52 53 53 59 59 -46 59 59 -46 -48 57 57 63 63 -42 63 63 -42 -36 -105 -105 0 6 6	# 38
-94 11 11 -52 53 53 59 59 -46 -94 11 11 17 17 -88 59 59 -46 -48 57 57 63 63 -42 -105 -105 0 6 63 63 -42 -36 6	# 39
-88 -46 -46 17 59 59 11 11 53 17 59 59 11 11 53 -94 -94 -52 -36 6 6 -42 -42 0 63 63 -105 57 63 63 -105 57 -48	# 40
-52 53 53 -94 11 11 59 59 -46 -94 11 11 59 59 -46 17 17 -88 -48 57 57 -105 -105 0 63 63 -42 6 63 63 -42 6 -36	# 41
-46 -88 -46 59 17 59 11 53 11 59 17 59 11 53 11 -94 -52 -94 6 -36 6 -42 0 -42 63 -105 63 57 63 -105 63 57 -48	# 42
-46 -46 -88 59 59 17 53 11 11 59 59 17 53 11 11 -52 -94 -94 6 6 -36 0 -42 -42 -105 63 63 57 -105 63 63 57 -48	# 43
11 -94 11 11 -94 11 17 -88 17 53 -52 53 59 -46 59 59 -46 59 57 -48 57 63 -42 63 63 -42 63 -36 -105 0 -105 6 6	# 44
11 -94 11 53 -52 53 59 -46 59 11 -94 11 17 -88 17 59 -46 59 57 -48 57 63 -42 63 -105 0 -105 6 63 -42 63 -36 6	# 45
11 11 -94 11 11 -94 -88 17 17 53 53 -52 -46 59 59 -46 59 59 57 57 -48 -42 63 63 -42 63 63 -36 0 -105 -105 6 6	# 46
11 11 -94 53 53 -52 -46 59 59 11 11 -94 -88 17 17 -46 59 59 57 57 -48 -42 63 63 0 -105 -105 6 -42 63 63 -36 6	# 47
17 59 59 -88 -46 -46 11 11 53 17 59 59 -94 -94 -52 11 11 53 -36 6 6 63 63 -105 -42 -42 0 57 63 63 -105 -48 57	# 48
17 59 59 17 59 59 -94 -94 -52 -88 -46 -46 11 11 53 11 11 53 -36 6 6 63 63 -105 63 63 -105 -48 -42 -42 0 57 57	# 49
53 -52 53 11 -94 11 59 -46 59 11 -94 11 59 -46 59 17 -88 17 57 -48 57 -105 0 -105 63 -42 63 6 63 -42 63 6 -36	# 50
53 53 -52 11 11 -94 -46 59 59 11 11 -94 -46 59 59 -88 17 17 57 57 -48 0 -105 -105 -42 63 63 6 -42 63 63 6 -36	# 51
59 17 59 -46 -88 -46 11 53 11 59 17 59 -94 -52 -94 11 53 11 6 -36 6 63 -105 63 -42 0 -42 57 63 -105 63 -48 57	# 52
59 17 59 59 17 59 -94 -52 -94 -46 -88 -46 11 53 11 11 53 11 6 -36 6 63 -105 63 63 -105 63 -48 -42 0 -42 57 57	# 53
59 59 17 -46 -46 -88 53 11 11 59 59 17 -52 -94 -94 53 11 11 6 6 -36 -105 63 63 0 -42 -42 57 -105 63 63 -48 57	# 54
59 59 17 59 59 17 -52 -94 -94 -46 -46 -88 53 11 11 53 11 11 6 6 -36 -105 63 63 -105 63 63 -48 0 -42 -42 57 57	# 55

N_RAYS
56

LINEALITY_SPACE
1 0 0 0 -1 -1 0 0 -1 0 -1 -1 0 0 -1 -1 -1 -2 0 -1 -1 0 0 -1 -1 -1 -2 -1 -1 -1 -2 -1 -2
0 1 0 0 1 0 0 -1 0 0 1 0 0 -1 0 0 -1 0 0 1 0 0 -1 0 0 -1 0 -1 0 -1 0 -1 -1
0 0 1 0 0 1 0 1 1 0 0 1 0 1 1 0 1 1 0 0 1 0 1 1 0 1 1 1 0 1 1 1 1
0 0 0 1 1 1 0 0 0 0 0 0 -1 -1 -1 0 0 0 0 0 0 -1 -1 -1 0 0 0 -1 -1 -1 -1 -2 -1
0 0 0 0 0 0 1 1 1 0 0 0 1 1 1 1 1 1 0 0 0 1 1 1 1 1 1 2 1 1 1 2 2
0 0 0 0 0 0 0 0 0 1 1 1 1 1 1 1 1 1 0 0 0 0 0 0 0 0 0 0 1 1 1 1 1
0 0 0 0 0 0 0 0 0 0 0 0 0 0 0 0 0 0 1 1 1 1 1 1 1 1 1 1 1 1 1 1 1

ORTH_LINEALITY_SPACE
1 0 0 0 0 0 0 0 0 0 0 0 0 0 0 0 0 -1 0 0 0 0 0 0 0 0 0 -1 -1 -1 1 0 2
0 1 0 0 0 0 0 0 0 0 0 0 0 0 0 0 0 -1 0 0 0 0 0 0 0 0 0 -1 -1 0 0 0 2
0 0 1 0 0 0 0 0 0 0 0 0 0 0 0 0 0 -1 0 0 0 0 0 0 0 0 0 -1 0 -1 0 0 2
0 0 0 1 0 0 0 0 0 0 0 0 0 0 0 0 0 -1 0 0 0 0 0 0 0 0 0 -1 -1 -1 1 1 1
0 0 0 0 1 0 0 0 0 0 0 0 0 0 0 0 0 -1 0 0 0 0 0 0 0 0 0 -1 -1 0 0 1 1
0 0 0 0 0 1 0 0 0 0 0 0 0 0 0 0 0 -1 0 0 0 0 0 0 0 0 0 -1 0 -1 0 1 1
0 0 0 0 0 0 1 0 0 0 0 0 0 0 0 0 0 -1 0 0 0 0 0 0 0 0 0 -1 -1 0 1 0 1
0 0 0 0 0 0 0 1 0 0 0 0 0 0 0 0 0 -1 0 0 0 0 0 0 0 0 0 -1 0 -1 1 0 1
0 0 0 0 0 0 0 0 1 0 0 0 0 0 0 0 0 -1 0 0 0 0 0 0 0 0 0 -1 0 0 0 0 1
0 0 0 0 0 0 0 0 0 1 0 0 0 0 0 0 0 -1 0 0 0 0 0 0 0 0 0 0 -1 -1 1 0 1
0 0 0 0 0 0 0 0 0 0 1 0 0 0 0 0 0 -1 0 0 0 0 0 0 0 0 0 0 -1 0 0 0 1
0 0 0 0 0 0 0 0 0 0 0 1 0 0 0 0 0 -1 0 0 0 0 0 0 0 0 0 0 0 -1 0 0 1
0 0 0 0 0 0 0 0 0 0 0 0 1 0 0 0 0 -1 0 0 0 0 0 0 0 0 0 0 -1 0 1 -1 1
0 0 0 0 0 0 0 0 0 0 0 0 0 1 0 0 0 -1 0 0 0 0 0 0 0 0 0 0 0 -1 1 -1 1
0 0 0 0 0 0 0 0 0 0 0 0 0 0 1 0 0 -1 0 0 0 0 0 0 0 0 0 0 0 0 0 -1 1
0 0 0 0 0 0 0 0 0 0 0 0 0 0 0 1 0 -1 0 0 0 0 0 0 0 0 0 0 -1 0 1 0 0
0 0 0 0 0 0 0 0 0 0 0 0 0 0 0 0 1 -1 0 0 0 0 0 0 0 0 0 0 0 -1 1 0 0
0 0 0 0 0 0 0 0 0 0 0 0 0 0 0 0 0 0 1 0 0 0 0 0 0 0 0 -1 -1 -1 0 1 1
0 0 0 0 0 0 0 0 0 0 0 0 0 0 0 0 0 0 0 1 0 0 0 0 0 0 0 -1 -1 0 -1 1 1
0 0 0 0 0 0 0 0 0 0 0 0 0 0 0 0 0 0 0 0 1 0 0 0 0 0 0 -1 0 -1 -1 1 1
0 0 0 0 0 0 0 0 0 0 0 0 0 0 0 0 0 0 0 0 0 1 0 0 0 0 0 -1 -1 0 0 0 1
0 0 0 0 0 0 0 0 0 0 0 0 0 0 0 0 0 0 0 0 0 0 1 0 0 0 0 -1 0 -1 0 0 1
0 0 0 0 0 0 0 0 0 0 0 0 0 0 0 0 0 0 0 0 0 0 0 1 0 0 0 -1 0 0 -1 0 1
0 0 0 0 0 0 0 0 0 0 0 0 0 0 0 0 0 0 0 0 0 0 0 0 1 0 0 -1 -1 0 0 1 0
0 0 0 0 0 0 0 0 0 0 0 0 0 0 0 0 0 0 0 0 0 0 0 0 0 1 0 -1 0 -1 0 1 0
0 0 0 0 0 0 0 0 0 0 0 0 0 0 0 0 0 0 0 0 0 0 0 0 0 0 1 -1 0 0 -1 1 0

F_VECTOR
1 56 490 1260 945

SIMPLICIAL
1

PURE
1

SYMMETRY_GENERATORS
0 1 2 9 10 11 12 13 14 3 4 5 6 7 8 15 16 17 18 19 20 21 22 23 28 29 30 31 24 25 26 27 32
0 2 1 3 5 4 7 6 8 9 11 10 13 12 14 16 15 17 18 20 19 22 21 23 25 24 26 27 29 28 30 31 32
1 0 2 4 3 5 6 8 7 10 9 11 12 14 13 15 17 16 19 18 20 21 23 22 24 26 25 27 28 30 29 31 32
3 4 5 0 1 2 6 7 8 9 10 11 15 16 17 12 13 14 18 19 20 24 25 26 21 22 23 27 28 29 30 32 31
6 12 15 7 13 16 0 3 9 8 14 17 1 4 10 2 5 11 27 31 32 21 24 28 22 25 29 18 23 26 30 19 20

CONES_ORBITS
{}	# New orbit	# Dimension 7
{8}	# New orbit	# Dimension 8
{17}	# New orbit
{19}	# New orbit
{25}	# New orbit
{31}	# New orbit
{37}	# New orbit
{55}	# New orbit
{18 19}	# New orbit	# Dimension 9
{5 7}	# New orbit
{4 17}	# New orbit
{7 17}	# New orbit
{8 25}	# New orbit
{4 31}	# New orbit
{19 29}	# New orbit
{19 25}	# New orbit
{17 31}	# New orbit
{19 31}	# New orbit
{25 29}	# New orbit
{29 31}	# New orbit
{25 31}	# New orbit
{7 37}	# New orbit
{17 37}	# New orbit
{19 37}	# New orbit
{29 37}	# New orbit
{24 37}	# New orbit
{2 55}	# New orbit
{31 37}	# New orbit
{8 55}	# New orbit
{15 55}	# New orbit
{46 55}	# New orbit
{29 55}	# New orbit
{25 55}	# New orbit
{31 55}	# New orbit
{37 51}	# New orbit
{37 53}	# New orbit
{3 4 6}	# New orbit	# Dimension 10
{3 6 17}	# New orbit
{4 7 17}	# New orbit
{18 19 31}	# New orbit
{4 17 31}	# New orbit
{8 25 29}	# New orbit
{4 29 31}	# New orbit
{4 25 31}	# New orbit
{19 25 29}	# New orbit
{17 29 31}	# New orbit
{19 29 31}	# New orbit
{3 6 37}	# New orbit
{19 25 31}	# New orbit
{7 17 37}	# New orbit
{25 29 31}	# New orbit
{7 24 37}	# New orbit
{2 31 37}	# New orbit
{2 8 55}	# New orbit
{17 29 37}	# New orbit
{19 29 37}	# New orbit
{19 24 37}	# New orbit
{2 15 55}	# New orbit
{8 15 55}	# New orbit
{17 31 37}	# New orbit
{19 31 37}	# New orbit
{8 46 55}	# New orbit
{29 31 37}	# New orbit
{8 29 55}	# New orbit
{24 31 37}	# New orbit
{8 25 55}	# New orbit
{2 31 55}	# New orbit
{15 31 55}	# New orbit
{31 46 55}	# New orbit
{25 29 55}	# New orbit
{29 31 55}	# New orbit
{7 37 51}	# New orbit
{25 31 55}	# New orbit
{0 37 53}	# New orbit
{17 37 51}	# New orbit
{7 37 53}	# New orbit
{29 35 55}	# New orbit
{17 37 53}	# New orbit
{29 37 51}	# New orbit
{25 36 55}	# New orbit
{31 37 53}	# New orbit
{3 4 6 17}	# New orbit	# Dimension 11
{18 19 29 31}	# New orbit
{4 17 29 31}	# New orbit
{3 6 17 37}	# New orbit
{4 25 29 31}	# New orbit
{19 25 29 31}	# New orbit
{2 8 15 55}	# New orbit
{2 8 46 55}	# New orbit
{2 24 31 37}	# New orbit
{17 29 31 37}	# New orbit
{19 29 31 37}	# New orbit
{19 24 31 37}	# New orbit
{2 15 31 55}	# New orbit
{2 31 46 55}	# New orbit
{8 25 29 55}	# New orbit
{0 7 37 53}	# New orbit
{7 17 37 51}	# New orbit
{29 31 46 55}	# New orbit
{8 29 35 55}	# New orbit
{7 17 37 53}	# New orbit
{25 29 31 55}	# New orbit
{17 29 37 51}	# New orbit
{8 25 36 55}	# New orbit
{0 31 37 53}	# New orbit
{29 31 35 55}	# New orbit
{17 31 37 53}	# New orbit
{25 31 36 55}	# New orbit

MAXIMAL_CONES_ORBITS
{3 4 6 17}	# New orbit	# Dimension 11
{18 19 29 31}	# New orbit
{4 17 29 31}	# New orbit
{3 6 17 37}	# New orbit
{4 25 29 31}	# New orbit
{19 25 29 31}	# New orbit
{2 8 15 55}	# New orbit
{2 8 46 55}	# New orbit
{2 24 31 37}	# New orbit
{17 29 31 37}	# New orbit
{19 29 31 37}	# New orbit
{19 24 31 37}	# New orbit
{2 15 31 55}	# New orbit
{2 31 46 55}	# New orbit
{8 25 29 55}	# New orbit
{0 7 37 53}	# New orbit
{7 17 37 51}	# New orbit
{29 31 46 55}	# New orbit
{8 29 35 55}	# New orbit
{7 17 37 53}	# New orbit
{25 29 31 55}	# New orbit
{17 29 37 51}	# New orbit
{8 25 36 55}	# New orbit
{0 31 37 53}	# New orbit
{29 31 35 55}	# New orbit
{17 31 37 53}	# New orbit
{25 31 36 55}	# New orbit

MULTIPLICITIES_ORBITS
1	# New orbit	# Dimension 11
1	# New orbit
1	# New orbit
1	# New orbit
1	# New orbit
1	# New orbit
1	# New orbit
1	# New orbit
1	# New orbit
1	# New orbit
1	# New orbit
1	# New orbit
1	# New orbit
1	# New orbit
1	# New orbit
1	# New orbit
1	# New orbit
1	# New orbit
1	# New orbit
1	# New orbit
1	# New orbit
1	# New orbit
1	# New orbit
1	# New orbit
1	# New orbit
1	# New orbit
1	# New orbit
