_application fan
_version 2.2
_type SymmetricFan

AMBIENT_DIM
32

DIM
10

LINEALITY_DIM
7

RAYS
-19 9 9 -19 9 9 -40 -12 -19 9 9 20 20 -12 20 20 -12 -1 -19 9 9 20 20 -12 20 20 -12 -1 -40 -12 -1 -1	# 0
-1 0 0 0 1 1 0 1 -1 0 0 -1 -1 0 0 0 1 0 0 1 1 0 0 1 1 1 -8 1 0 1 0 1	# 1
-1 0 0 0 1 1 0 1 0 1 1 0 0 1 1 1 -8 1 -1 0 0 -1 -1 0 0 0 1 0 0 1 0 1	# 2
0 1 1 -1 0 0 0 1 -1 0 0 0 0 1 -1 -1 0 0 0 1 1 1 1 -8 0 0 1 1 0 1 1 0	# 3
0 1 1 -1 0 0 0 1 0 1 1 1 1 -8 0 0 1 1 -1 0 0 0 0 1 -1 -1 0 0 0 1 1 0	# 4
-373 -165 -189 -205 3 -21 -184 24 23 231 207 68 44 252 236 212 -420 257 23 231 207 68 44 252 236 212 -420 257 -376 -192 -355 -187	# 5
-205 3 -21 -373 -165 -189 -184 24 23 231 207 236 212 -420 68 44 252 257 23 231 207 236 212 -420 68 44 252 257 -376 -192 -187 -355	# 6
23 207 231 23 207 231 -376 -192 -373 -189 -165 44 68 252 44 68 252 -355 -205 -21 3 212 236 -420 212 236 -420 -187 -184 24 257 257	# 7
23 207 231 23 207 231 -376 -192 -205 -21 3 212 236 -420 212 236 -420 -187 -373 -189 -165 44 68 252 44 68 252 -355 -184 24 257 257	# 8
1 9 -63 1 9 -63 8 16 27 35 -37 -34 34 42 -34 34 42 -27 27 35 -37 -34 34 42 -34 34 42 -27 -8 -72 -1 -1	# 9
27 -37 35 27 -37 35 -8 -72 1 -63 9 34 -34 42 34 -34 42 -1 1 -63 9 34 -34 42 34 -34 42 -1 8 16 -27 -27	# 10
-11 -27 -27 37 21 21 40 24 -11 -27 -27 -8 -8 -24 40 -80 24 43 37 21 21 -80 40 24 -32 -32 -48 -29 40 24 43 -29	# 11
-11 -27 -27 37 21 21 40 24 37 21 21 -80 40 24 -32 -32 -48 -29 -11 -27 -27 -8 -8 -24 40 -80 24 43 40 24 43 -29	# 12
37 21 21 -11 -27 -27 40 24 -11 -27 -27 40 -80 24 -8 -8 -24 43 37 21 21 -32 -32 -48 -80 40 24 -29 40 24 -29 43	# 13
37 21 21 -11 -27 -27 40 24 37 21 21 -32 -32 -48 -80 40 24 -29 -11 -27 -27 40 -80 24 -8 -8 -24 43 40 24 -29 43	# 14
-205 -165 -189 -205 -165 -189 -184 -144 107 147 123 152 128 168 152 128 168 173 107 147 123 152 128 168 152 128 168 173 -376 -360 -355 -355	# 15
107 123 147 107 123 147 -376 -360 -205 -189 -165 128 152 168 128 152 168 -355 -205 -189 -165 128 152 168 128 152 168 -355 -184 -144 173 173	# 16
-197 -597 -189 307 -93 315 328 -72 211 -189 219 -176 232 -168 328 -944 336 349 211 -189 219 -176 232 -168 328 -944 336 349 232 240 253 -923	# 17
211 219 -189 211 219 -189 232 240 -197 -189 -597 232 -176 -168 232 -176 -168 253 307 315 -93 -944 328 336 -944 328 336 -923 328 -72 349 349	# 18
211 219 -189 211 219 -189 232 240 307 315 -93 -944 328 336 -944 328 336 -923 -197 -189 -597 232 -176 -168 232 -176 -168 253 328 -72 349 349	# 19
307 -93 315 -197 -597 -189 328 -72 211 -189 219 328 -944 336 -176 232 -168 349 211 -189 219 328 -944 336 -176 232 -168 349 232 240 -923 253	# 20
-521 -489 -945 319 351 -105 424 456 367 399 -57 -752 472 504 88 -368 -336 193 367 399 -57 -752 472 504 88 -368 -336 193 136 -288 241 -599	# 21
319 351 -105 -521 -489 -945 424 456 367 399 -57 88 -368 -336 -752 472 504 193 367 399 -57 88 -368 -336 -752 472 504 193 136 -288 -599 241	# 22
367 -57 399 367 -57 399 136 -288 -521 -945 -489 472 -752 504 472 -752 504 241 319 -105 351 -368 88 -336 -368 88 -336 -599 424 456 193 193	# 23
367 -57 399 367 -57 399 136 -288 319 -105 351 -368 88 -336 -368 88 -336 -599 -521 -945 -489 472 -752 504 472 -752 504 241 424 456 193 193	# 24

N_RAYS
25

LINEALITY_SPACE
1 0 0 0 -1 -1 0 -1 0 -1 -1 0 0 -1 -1 -1 -2 -1 0 -1 -1 0 0 -1 -1 -1 -2 -1 -1 -2 -1 -2
0 1 0 0 1 0 0 1 0 1 0 1 0 1 1 0 1 1 0 1 0 1 0 1 1 0 1 1 1 1 1 1
0 0 1 0 0 1 0 0 0 0 1 -1 0 0 -1 0 0 -1 0 0 1 -1 0 0 -1 0 0 -1 -1 0 -1 -1
0 0 0 1 1 1 0 0 0 0 0 -1 -1 -1 0 0 0 -1 0 0 0 -1 -1 -1 0 0 0 -1 -1 -1 -2 -1
0 0 0 0 0 0 1 1 0 0 0 1 1 1 1 1 1 2 0 0 0 1 1 1 1 1 1 2 1 1 2 2
0 0 0 0 0 0 0 0 1 1 1 1 1 1 1 1 1 1 0 0 0 0 0 0 0 0 0 0 1 1 1 1
0 0 0 0 0 0 0 0 0 0 0 0 0 0 0 0 0 0 1 1 1 1 1 1 1 1 1 1 1 1 1 1

ORTH_LINEALITY_SPACE
1 0 0 0 0 0 0 0 0 0 0 0 0 0 0 0 0 -1 0 0 0 0 0 0 0 -1 0 0 -1 0 0 2
0 1 0 0 0 0 0 0 0 0 0 0 0 0 0 0 0 -1 0 0 0 0 0 0 0 0 0 -1 -1 -1 1 2
0 0 1 0 0 0 0 0 0 0 0 0 0 0 0 0 0 -1 0 0 0 0 0 0 0 -1 0 0 0 -1 0 2
0 0 0 1 0 0 0 0 0 0 0 0 0 0 0 0 0 -1 0 0 0 0 0 0 0 -1 0 0 -1 0 1 1
0 0 0 0 1 0 0 0 0 0 0 0 0 0 0 0 0 -1 0 0 0 0 0 0 0 0 0 -1 -1 -1 2 1
0 0 0 0 0 1 0 0 0 0 0 0 0 0 0 0 0 -1 0 0 0 0 0 0 0 -1 0 0 0 -1 1 1
0 0 0 0 0 0 1 0 0 0 0 0 0 0 0 0 0 -1 0 0 0 0 0 0 0 -1 0 0 0 0 0 1
0 0 0 0 0 0 0 1 0 0 0 0 0 0 0 0 0 -1 0 0 0 0 0 0 0 0 0 -1 0 -1 1 1
0 0 0 0 0 0 0 0 1 0 0 0 0 0 0 0 0 -1 0 0 0 0 0 0 0 -1 0 1 -1 0 0 1
0 0 0 0 0 0 0 0 0 1 0 0 0 0 0 0 0 -1 0 0 0 0 0 0 0 0 0 0 -1 -1 1 1
0 0 0 0 0 0 0 0 0 0 1 0 0 0 0 0 0 -1 0 0 0 0 0 0 0 -1 0 1 0 -1 0 1
0 0 0 0 0 0 0 0 0 0 0 1 0 0 0 0 0 -1 0 0 0 0 0 0 0 0 0 0 -1 0 0 1
0 0 0 0 0 0 0 0 0 0 0 0 1 0 0 0 0 -1 0 0 0 0 0 0 0 -1 0 1 0 0 -1 1
0 0 0 0 0 0 0 0 0 0 0 0 0 1 0 0 0 -1 0 0 0 0 0 0 0 0 0 0 0 -1 0 1
0 0 0 0 0 0 0 0 0 0 0 0 0 0 1 0 0 -1 0 0 0 0 0 0 0 0 0 0 -1 0 1 0
0 0 0 0 0 0 0 0 0 0 0 0 0 0 0 1 0 -1 0 0 0 0 0 0 0 -1 0 1 0 0 0 0
0 0 0 0 0 0 0 0 0 0 0 0 0 0 0 0 1 -1 0 0 0 0 0 0 0 0 0 0 0 -1 1 0
0 0 0 0 0 0 0 0 0 0 0 0 0 0 0 0 0 0 1 0 0 0 0 0 0 -1 0 0 -1 0 0 1
0 0 0 0 0 0 0 0 0 0 0 0 0 0 0 0 0 0 0 1 0 0 0 0 0 0 0 -1 -1 -1 1 1
0 0 0 0 0 0 0 0 0 0 0 0 0 0 0 0 0 0 0 0 1 0 0 0 0 -1 0 0 0 -1 0 1
0 0 0 0 0 0 0 0 0 0 0 0 0 0 0 0 0 0 0 0 0 1 0 0 0 0 0 -1 -1 0 0 1
0 0 0 0 0 0 0 0 0 0 0 0 0 0 0 0 0 0 0 0 0 0 1 0 0 -1 0 0 0 0 -1 1
0 0 0 0 0 0 0 0 0 0 0 0 0 0 0 0 0 0 0 0 0 0 0 1 0 0 0 -1 0 -1 0 1
0 0 0 0 0 0 0 0 0 0 0 0 0 0 0 0 0 0 0 0 0 0 0 0 1 0 0 -1 -1 0 1 0
0 0 0 0 0 0 0 0 0 0 0 0 0 0 0 0 0 0 0 0 0 0 0 0 0 0 1 -1 0 -1 1 0

F_VECTOR
1 25 105 105

SIMPLICIAL
1

PURE
1

SYMMETRY_GENERATORS
0 1 2 3 4 5 6 7 18 19 20 21 22 23 24 25 26 27 8 9 10 11 12 13 14 15 16 17 28 29 30 31
3 4 5 0 1 2 6 7 8 9 10 14 15 16 11 12 13 17 18 19 20 24 25 26 21 22 23 27 28 29 31 30
8 10 9 18 20 19 28 29 0 2 1 12 11 13 22 21 23 30 3 5 4 15 14 16 25 24 26 31 6 7 17 27

CONES_ORBITS
{}	# New orbit	# Dimension 7
{0}	# New orbit	# Dimension 8
{4}	# New orbit
{8}	# New orbit
{10}	# New orbit
{14}	# New orbit
{16}	# New orbit
{20}	# New orbit
{24}	# New orbit
{15 16}	# New orbit	# Dimension 9
{0 4}	# New orbit
{2 3}	# New orbit
{0 8}	# New orbit
{4 8}	# New orbit
{1 14}	# New orbit
{4 14}	# New orbit
{0 16}	# New orbit
{9 16}	# New orbit
{8 16}	# New orbit
{10 16}	# New orbit
{7 19}	# New orbit
{2 20}	# New orbit
{16 19}	# New orbit
{10 20}	# New orbit
{14 20}	# New orbit
{4 24}	# New orbit
{8 24}	# New orbit
{10 24}	# New orbit
{14 24}	# New orbit
{16 24}	# New orbit
{20 22}	# New orbit
{20 24}	# New orbit
{0 15 16}	# New orbit	# Dimension 10
{10 15 16}	# New orbit
{0 2 3}	# New orbit
{0 4 8}	# New orbit
{1 4 14}	# New orbit
{0 8 16}	# New orbit
{3 7 19}	# New orbit
{9 16 19}	# New orbit
{7 16 19}	# New orbit
{1 14 20}	# New orbit
{4 8 24}	# New orbit
{4 14 24}	# New orbit
{8 16 24}	# New orbit
{10 16 24}	# New orbit
{14 20 22}	# New orbit
{2 20 24}	# New orbit
{16 19 24}	# New orbit
{10 20 24}	# New orbit
{14 20 24}	# New orbit

MAXIMAL_CONES_ORBITS
{0 15 16}	# New orbit	# Dimension 10
{10 15 16}	# New orbit
{0 2 3}	# New orbit
{0 4 8}	# New orbit
{1 4 14}	# New orbit
{0 8 16}	# New orbit
{3 7 19}	# New orbit
{9 16 19}	# New orbit
{7 16 19}	# New orbit
{1 14 20}	# New orbit
{4 8 24}	# New orbit
{4 14 24}	# New orbit
{8 16 24}	# New orbit
{10 16 24}	# New orbit
{14 20 22}	# New orbit
{2 20 24}	# New orbit
{16 19 24}	# New orbit
{10 20 24}	# New orbit
{14 20 24}	# New orbit

MULTIPLICITIES_ORBITS
1	# New orbit	# Dimension 10
1	# New orbit
1	# New orbit
1	# New orbit
1	# New orbit
1	# New orbit
1	# New orbit
1	# New orbit
1	# New orbit
1	# New orbit
1	# New orbit
1	# New orbit
1	# New orbit
1	# New orbit
1	# New orbit
1	# New orbit
1	# New orbit
1	# New orbit
1	# New orbit
