_application fan
_version 2.2
_type SymmetricFan

AMBIENT_DIM
32

DIM
10

LINEALITY_DIM
7

RAYS
-1 0 0 0 1 1 0 1 -1 0 0 -1 -1 0 0 0 1 0 0 1 1 0 0 1 1 1 -8 1 0 1 0 1	# 0
-1 0 0 0 1 1 0 1 0 1 1 0 0 1 1 1 -8 1 -1 0 0 -1 -1 0 0 0 1 0 0 1 0 1	# 1
0 -1 0 1 0 1 1 0 0 -1 0 -1 0 -1 0 1 0 0 1 0 1 0 1 0 1 -8 1 1 1 0 0 1	# 2
0 -1 0 1 0 1 1 0 1 0 1 0 1 0 1 -8 1 1 0 -1 0 -1 0 -1 0 1 0 0 1 0 0 1	# 3
0 1 1 -1 0 0 0 1 -1 0 0 0 0 1 -1 -1 0 0 0 1 1 1 1 -8 0 0 1 1 0 1 1 0	# 4
0 1 1 -1 0 0 0 1 0 1 1 1 1 -8 0 0 1 1 -1 0 0 0 0 1 -1 -1 0 0 0 1 1 0	# 5
1 0 1 0 -1 0 1 0 0 -1 0 0 1 0 -1 0 -1 0 1 0 1 1 -8 1 0 1 0 1 1 0 1 0	# 6
1 0 1 0 -1 0 1 0 1 0 1 1 -8 1 0 1 0 1 0 -1 0 0 1 0 -1 0 -1 0 1 0 1 0	# 7
-10 -10 -7 -10 -10 -7 -7 -7 5 5 8 5 8 8 5 8 8 8 5 5 8 5 8 8 5 8 8 8 -17 -17 -17 -17	# 8
5 5 -17 5 5 -17 8 8 5 5 -17 -10 8 8 -10 8 8 -7 5 5 -17 -10 8 8 -10 8 8 -7 8 8 -7 -7	# 9
5 5 8 5 5 8 -17 -17 -10 -10 -7 5 8 8 5 8 8 -17 -10 -10 -7 5 8 8 5 8 8 -17 -7 -7 8 8	# 10
-10 -10 1 -10 -10 1 1 1 5 5 16 5 -24 16 5 16 -24 16 5 5 16 5 -24 16 5 16 -24 16 -9 -9 -9 -9	# 11
-10 -10 1 -10 -10 1 1 1 5 5 16 5 16 -24 5 -24 16 16 5 5 16 5 16 -24 5 -24 16 16 -9 -9 -9 -9	# 12
5 5 -9 5 5 -9 16 16 5 5 -9 -10 -24 -24 -10 16 16 1 5 5 -9 -10 16 16 -10 -24 -24 1 16 16 1 1	# 13
5 5 -9 5 5 -9 16 16 5 5 -9 -10 16 16 -10 -24 -24 1 5 5 -9 -10 -24 -24 -10 16 16 1 16 16 1 1	# 14
5 5 16 5 5 16 -9 -9 -10 -10 1 5 -24 16 5 -24 16 -9 -10 -10 1 5 16 -24 5 16 -24 -9 1 1 16 16	# 15
5 5 16 5 5 16 -9 -9 -10 -10 1 5 16 -24 5 16 -24 -9 -10 -10 1 5 -24 16 5 -24 16 -9 1 1 16 16	# 16
-18 -10 -7 -10 -2 1 -7 1 1 9 12 1 4 12 9 12 -20 12 1 9 12 1 4 12 9 12 -20 12 -17 -9 -17 -9	# 17
-10 -18 -7 -2 -10 1 1 -7 9 1 12 1 12 4 9 -20 12 12 9 1 12 1 12 4 9 -20 12 12 -9 -17 -17 -9	# 18
-10 -2 1 -18 -10 -7 -7 1 1 9 12 9 12 -20 1 4 12 12 1 9 12 9 12 -20 1 4 12 12 -17 -9 -9 -17	# 19
-2 -10 1 -10 -18 -7 1 -7 9 1 12 9 -20 12 1 12 4 12 9 1 12 9 -20 12 1 12 4 12 -9 -17 -9 -17	# 20
1 1 -17 9 9 -9 12 12 1 1 -17 -18 4 4 -10 12 12 -7 9 9 -9 -10 12 12 -2 -20 -20 1 12 12 -7 1	# 21
1 1 -17 9 9 -9 12 12 9 9 -9 -10 12 12 -2 -20 -20 1 1 1 -17 -18 4 4 -10 12 12 -7 12 12 -7 1	# 22
1 9 12 1 9 12 -17 -9 -18 -10 -7 1 4 12 1 4 12 -17 -10 -2 1 9 12 -20 9 12 -20 -9 -7 1 12 12	# 23
1 9 12 1 9 12 -17 -9 -10 -2 1 9 12 -20 9 12 -20 -9 -18 -10 -7 1 4 12 1 4 12 -17 -7 1 12 12	# 24
9 1 12 9 1 12 -9 -17 -10 -18 -7 1 12 4 1 12 4 -17 -2 -10 1 9 -20 12 9 -20 12 -9 1 -7 12 12	# 25
9 1 12 9 1 12 -9 -17 -2 -10 1 9 -20 12 9 -20 12 -9 -10 -18 -7 1 12 4 1 12 4 -17 1 -7 12 12	# 26
9 9 -9 1 1 -17 12 12 1 1 -17 -10 12 12 -18 4 4 -7 9 9 -9 -2 -20 -20 -10 12 12 1 12 12 1 -7	# 27
9 9 -9 1 1 -17 12 12 9 9 -9 -2 -20 -20 -10 12 12 1 1 1 -17 -10 12 12 -18 4 4 -7 12 12 1 -7	# 28
-13 -13 -24 3 3 -8 9 9 10 10 -1 -13 16 16 3 -8 -8 9 10 10 -1 -13 16 16 3 -8 -8 9 -1 -1 -24 -8	# 29
-13 3 9 -13 3 9 -24 -8 -13 3 9 10 16 -8 10 16 -8 -1 -13 3 9 10 16 -8 10 16 -8 -1 -24 -8 -1 -1	# 30
3 -13 9 3 -13 9 -8 -24 3 -13 9 10 -8 16 10 -8 16 -1 3 -13 9 10 -8 16 10 -8 16 -1 -8 -24 -1 -1	# 31
3 3 -8 -13 -13 -24 9 9 10 10 -1 3 -8 -8 -13 16 16 9 10 10 -1 3 -8 -8 -13 16 16 9 -1 -1 -8 -24	# 32
10 10 -1 10 10 -1 -1 -1 -13 -13 -24 -13 16 16 -13 16 16 -24 3 3 -8 3 -8 -8 3 -8 -8 -8 9 9 9 9	# 33
10 10 -1 10 10 -1 -1 -1 3 3 -8 3 -8 -8 3 -8 -8 -8 -13 -13 -24 -13 16 16 -13 16 16 -24 9 9 9 9	# 34

N_RAYS
35

LINEALITY_SPACE
1 0 0 0 -1 -1 0 -1 0 -1 -1 0 0 -1 -1 -1 -2 -1 0 -1 -1 0 0 -1 -1 -1 -2 -1 -1 -2 -1 -2
0 1 0 0 1 0 0 1 0 1 0 1 0 1 1 0 1 1 0 1 0 1 0 1 1 0 1 1 0 1 1 1
0 0 1 0 0 1 0 0 0 0 1 -1 0 0 -1 0 0 -1 0 0 1 -1 0 0 -1 0 0 -1 0 0 -1 -1
0 0 0 1 1 1 0 0 0 0 0 -1 -1 -1 0 0 0 -1 0 0 0 -1 -1 -1 0 0 0 -1 -1 -1 -2 -1
0 0 0 0 0 0 1 1 0 0 0 1 1 1 1 1 1 2 0 0 0 1 1 1 1 1 1 2 1 1 2 2
0 0 0 0 0 0 0 0 1 1 1 1 1 1 1 1 1 1 0 0 0 0 0 0 0 0 0 0 1 1 1 1
0 0 0 0 0 0 0 0 0 0 0 0 0 0 0 0 0 0 1 1 1 1 1 1 1 1 1 1 1 1 1 1

ORTH_LINEALITY_SPACE
1 0 0 0 0 0 0 0 0 0 0 0 0 0 0 0 0 -1 0 0 0 0 0 0 -1 0 0 0 -1 0 0 2
0 1 0 0 0 0 0 0 0 0 0 0 0 0 0 0 0 -1 0 0 0 0 0 0 -1 0 0 0 0 -1 0 2
0 0 1 0 0 0 0 0 0 0 0 0 0 0 0 0 0 -1 0 0 0 0 0 0 0 0 0 -1 -1 -1 1 2
0 0 0 1 0 0 0 0 0 0 0 0 0 0 0 0 0 -1 0 0 0 0 0 0 -1 0 0 0 -1 0 1 1
0 0 0 0 1 0 0 0 0 0 0 0 0 0 0 0 0 -1 0 0 0 0 0 0 -1 0 0 0 0 -1 1 1
0 0 0 0 0 1 0 0 0 0 0 0 0 0 0 0 0 -1 0 0 0 0 0 0 0 0 0 -1 -1 -1 2 1
0 0 0 0 0 0 1 0 0 0 0 0 0 0 0 0 0 -1 0 0 0 0 0 0 0 0 0 -1 -1 0 1 1
0 0 0 0 0 0 0 1 0 0 0 0 0 0 0 0 0 -1 0 0 0 0 0 0 0 0 0 -1 0 -1 1 1
0 0 0 0 0 0 0 0 1 0 0 0 0 0 0 0 0 -1 0 0 0 0 0 0 -1 0 0 1 -1 0 0 1
0 0 0 0 0 0 0 0 0 1 0 0 0 0 0 0 0 -1 0 0 0 0 0 0 -1 0 0 1 0 -1 0 1
0 0 0 0 0 0 0 0 0 0 1 0 0 0 0 0 0 -1 0 0 0 0 0 0 0 0 0 0 -1 -1 1 1
0 0 0 0 0 0 0 0 0 0 0 1 0 0 0 0 0 -1 0 0 0 0 0 0 -1 0 0 1 0 0 -1 1
0 0 0 0 0 0 0 0 0 0 0 0 1 0 0 0 0 -1 0 0 0 0 0 0 0 0 0 0 -1 0 0 1
0 0 0 0 0 0 0 0 0 0 0 0 0 1 0 0 0 -1 0 0 0 0 0 0 0 0 0 0 0 -1 0 1
0 0 0 0 0 0 0 0 0 0 0 0 0 0 1 0 0 -1 0 0 0 0 0 0 -1 0 0 1 0 0 0 0
0 0 0 0 0 0 0 0 0 0 0 0 0 0 0 1 0 -1 0 0 0 0 0 0 0 0 0 0 -1 0 1 0
0 0 0 0 0 0 0 0 0 0 0 0 0 0 0 0 1 -1 0 0 0 0 0 0 0 0 0 0 0 -1 1 0
0 0 0 0 0 0 0 0 0 0 0 0 0 0 0 0 0 0 1 0 0 0 0 0 -1 0 0 0 -1 0 0 1
0 0 0 0 0 0 0 0 0 0 0 0 0 0 0 0 0 0 0 1 0 0 0 0 -1 0 0 0 0 -1 0 1
0 0 0 0 0 0 0 0 0 0 0 0 0 0 0 0 0 0 0 0 1 0 0 0 0 0 0 -1 -1 -1 1 1
0 0 0 0 0 0 0 0 0 0 0 0 0 0 0 0 0 0 0 0 0 1 0 0 -1 0 0 0 0 0 -1 1
0 0 0 0 0 0 0 0 0 0 0 0 0 0 0 0 0 0 0 0 0 0 1 0 0 0 0 -1 -1 0 0 1
0 0 0 0 0 0 0 0 0 0 0 0 0 0 0 0 0 0 0 0 0 0 0 1 0 0 0 -1 0 -1 0 1
0 0 0 0 0 0 0 0 0 0 0 0 0 0 0 0 0 0 0 0 0 0 0 0 0 1 0 -1 -1 0 1 0
0 0 0 0 0 0 0 0 0 0 0 0 0 0 0 0 0 0 0 0 0 0 0 0 0 0 1 -1 0 -1 1 0

F_VECTOR
1 35 157 159

SIMPLICIAL
1

PURE
1

SYMMETRY_GENERATORS
0 1 2 3 4 5 6 7 18 19 20 21 22 23 24 25 26 27 8 9 10 11 12 13 14 15 16 17 28 29 30 31
0 3 6 1 4 7 2 5 11 14 17 8 12 15 9 13 16 10 21 24 27 18 22 25 19 23 26 20 30 31 28 29
1 0 2 4 3 5 7 6 9 8 10 11 13 12 14 16 15 17 19 18 20 21 23 22 24 26 25 27 29 28 30 31
8 9 10 18 19 20 28 29 0 1 2 11 12 13 21 22 23 30 3 4 5 14 15 16 24 25 26 31 6 7 17 27

CONES_ORBITS
{}	# New orbit	# Dimension 7
{7}	# New orbit	# Dimension 8
{10}	# New orbit
{16}	# New orbit
{28}	# New orbit
{34}	# New orbit
{1 6}	# New orbit	# Dimension 9
{5 6}	# New orbit
{7 15}	# New orbit
{7 28}	# New orbit
{9 10}	# New orbit
{24 25}	# New orbit
{7 34}	# New orbit
{9 28}	# New orbit
{13 28}	# New orbit
{10 34}	# New orbit
{28 34}	# New orbit
{8 9 10}	# New orbit	# Dimension 10
{3 5 6}	# New orbit
{1 6 16}	# New orbit
{5 6 16}	# New orbit
{3 5 34}	# New orbit
{7 13 28}	# New orbit
{10 24 25}	# New orbit
{16 24 25}	# New orbit
{7 28 34}	# New orbit
{9 10 34}	# New orbit
{9 28 34}	# New orbit

MAXIMAL_CONES_ORBITS
{8 9 10}	# New orbit	# Dimension 10
{3 5 6}	# New orbit
{1 6 16}	# New orbit
{5 6 16}	# New orbit
{3 5 34}	# New orbit
{7 13 28}	# New orbit
{10 24 25}	# New orbit
{16 24 25}	# New orbit
{7 28 34}	# New orbit
{9 10 34}	# New orbit
{9 28 34}	# New orbit

MULTIPLICITIES_ORBITS
1	# New orbit	# Dimension 10
1	# New orbit
1	# New orbit
1	# New orbit
1	# New orbit
1	# New orbit
1	# New orbit
1	# New orbit
1	# New orbit
1	# New orbit
1	# New orbit
