_application fan
_version 2.2
_type SymmetricFan

AMBIENT_DIM
31

DIM
9

LINEALITY_DIM
7

RAYS
-9 -9 -9 -1 -1 -1 0 0 -1 -1 -1 0 0 8 8 8 9 -1 -1 -1 0 0 8 8 8 9 8 8 8 9 -63	# 0
-1 0 0 0 1 1 0 1 0 1 1 0 1 1 1 -8 1 -1 0 0 -1 -1 0 0 1 0 0 0 1 0 1	# 1
0 -1 0 1 0 1 1 0 0 -1 0 -1 -1 0 1 0 0 1 0 1 0 1 1 -8 1 1 0 1 0 0 1	# 2
0 0 -1 0 0 -1 -1 -1 1 1 0 1 0 1 0 0 0 1 1 0 1 0 1 0 0 0 -8 1 1 1 1	# 3
-13 2 2 -2 13 13 -10 5 -2 13 13 -10 5 1 1 -24 -7 -27 -12 -12 5 5 16 16 -9 8 16 16 -9 8 -21	# 4
2 -13 2 13 -2 13 5 -10 -12 -27 -12 5 5 16 -9 16 8 13 -2 13 -10 5 1 -24 1 -7 16 -9 16 8 -21	# 5
2 2 -13 -12 -12 -27 5 5 13 13 -2 5 -10 -9 16 16 8 13 13 -2 5 -10 -9 16 16 8 -24 1 1 -7 -21	# 6
2 2 9 8 8 15 -13 -13 -9 -9 -2 3 10 9 -24 16 -12 -9 -9 -2 3 10 9 16 -24 -12 -8 -1 -1 11 17	# 7
2 9 2 -9 -2 -9 3 10 8 15 8 -13 -13 -24 9 16 -12 -9 -2 -9 10 3 -1 -8 -1 11 16 9 -24 -12 17	# 8
9 2 2 -2 -9 -9 10 3 -2 -9 -9 10 3 -1 -1 -8 11 15 8 8 -13 -13 -24 16 9 -12 16 -24 9 -12 17	# 9
-9 13 13 -3 19 19 -20 2 -3 19 19 -20 2 -14 -14 8 -31 -45 -23 -23 18 18 24 24 -34 7 24 24 -34 7 13	# 10
13 -9 13 19 -3 19 2 -20 -23 -45 -23 18 18 24 -34 24 7 19 -3 19 -20 2 -14 8 -14 -31 24 -34 24 7 13	# 11
13 13 -9 -23 -23 -45 18 18 19 19 -3 2 -20 -34 24 24 7 19 19 -3 2 -20 -34 24 24 7 8 -14 -14 -31 13	# 12

N_RAYS
13

LINEALITY_SPACE
1 0 0 0 -1 -1 0 -1 0 -1 -1 0 -1 -1 -1 -2 -1 0 -1 -1 0 0 -1 -1 -2 -1 -1 -1 -2 -1 -2
0 1 0 0 1 0 0 1 0 1 0 1 1 1 0 1 1 0 1 0 1 0 1 0 1 1 1 0 1 1 1
0 0 1 0 0 1 0 0 0 0 1 -1 0 -1 0 0 -1 0 0 1 -1 0 -1 0 0 -1 -1 0 0 -1 -1
0 0 0 1 1 1 0 0 0 0 0 -1 -1 0 0 0 -1 0 0 0 -1 -1 0 0 0 -1 -1 -1 -1 -2 -1
0 0 0 0 0 0 1 1 0 0 0 1 1 1 1 1 2 0 0 0 1 1 1 1 1 2 1 1 1 2 2
0 0 0 0 0 0 0 0 1 1 1 1 1 1 1 1 1 0 0 0 0 0 0 0 0 0 1 1 1 1 1
0 0 0 0 0 0 0 0 0 0 0 0 0 0 0 0 0 1 1 1 1 1 1 1 1 1 1 1 1 1 1

ORTH_LINEALITY_SPACE
1 0 0 0 0 0 0 0 0 0 0 0 0 0 0 0 -1 0 0 0 0 0 0 0 0 -1 -1 -1 0 1 2
0 1 0 0 0 0 0 0 0 0 0 0 0 0 0 0 -1 0 0 0 0 0 0 0 0 -1 -1 0 -1 1 2
0 0 1 0 0 0 0 0 0 0 0 0 0 0 0 0 -1 0 0 0 0 0 0 0 0 -1 0 -1 -1 1 2
0 0 0 1 0 0 0 0 0 0 0 0 0 0 0 0 -1 0 0 0 0 0 0 0 0 -1 -1 -1 0 2 1
0 0 0 0 1 0 0 0 0 0 0 0 0 0 0 0 -1 0 0 0 0 0 0 0 0 -1 -1 0 -1 2 1
0 0 0 0 0 1 0 0 0 0 0 0 0 0 0 0 -1 0 0 0 0 0 0 0 0 -1 0 -1 -1 2 1
0 0 0 0 0 0 1 0 0 0 0 0 0 0 0 0 -1 0 0 0 0 0 0 0 0 -1 0 -1 0 1 1
0 0 0 0 0 0 0 1 0 0 0 0 0 0 0 0 -1 0 0 0 0 0 0 0 0 -1 0 0 -1 1 1
0 0 0 0 0 0 0 0 1 0 0 0 0 0 0 0 -1 0 0 0 0 0 0 0 0 0 -1 -1 0 1 1
0 0 0 0 0 0 0 0 0 1 0 0 0 0 0 0 -1 0 0 0 0 0 0 0 0 0 -1 0 -1 1 1
0 0 0 0 0 0 0 0 0 0 1 0 0 0 0 0 -1 0 0 0 0 0 0 0 0 0 0 -1 -1 1 1
0 0 0 0 0 0 0 0 0 0 0 1 0 0 0 0 -1 0 0 0 0 0 0 0 0 0 -1 0 0 0 1
0 0 0 0 0 0 0 0 0 0 0 0 1 0 0 0 -1 0 0 0 0 0 0 0 0 0 0 0 -1 0 1
0 0 0 0 0 0 0 0 0 0 0 0 0 1 0 0 -1 0 0 0 0 0 0 0 0 0 -1 0 0 1 0
0 0 0 0 0 0 0 0 0 0 0 0 0 0 1 0 -1 0 0 0 0 0 0 0 0 0 0 -1 0 1 0
0 0 0 0 0 0 0 0 0 0 0 0 0 0 0 1 -1 0 0 0 0 0 0 0 0 0 0 0 -1 1 0
0 0 0 0 0 0 0 0 0 0 0 0 0 0 0 0 0 1 0 0 0 0 0 0 0 -1 -1 -1 0 1 1
0 0 0 0 0 0 0 0 0 0 0 0 0 0 0 0 0 0 1 0 0 0 0 0 0 -1 -1 0 -1 1 1
0 0 0 0 0 0 0 0 0 0 0 0 0 0 0 0 0 0 0 1 0 0 0 0 0 -1 0 -1 -1 1 1
0 0 0 0 0 0 0 0 0 0 0 0 0 0 0 0 0 0 0 0 1 0 0 0 0 -1 -1 0 0 0 1
0 0 0 0 0 0 0 0 0 0 0 0 0 0 0 0 0 0 0 0 0 1 0 0 0 -1 0 -1 0 0 1
0 0 0 0 0 0 0 0 0 0 0 0 0 0 0 0 0 0 0 0 0 0 1 0 0 -1 -1 0 0 1 0
0 0 0 0 0 0 0 0 0 0 0 0 0 0 0 0 0 0 0 0 0 0 0 1 0 -1 0 -1 0 1 0
0 0 0 0 0 0 0 0 0 0 0 0 0 0 0 0 0 0 0 0 0 0 0 0 1 -1 0 0 -1 1 0

F_VECTOR
1 13 21

SIMPLICIAL
1

PURE
1

SYMMETRY_GENERATORS
0 2 1 8 10 9 11 12 3 5 4 6 7 14 13 15 16 17 19 18 21 20 27 26 28 29 23 22 24 25 30
1 0 2 4 3 5 7 6 18 17 19 20 21 22 24 23 25 9 8 10 11 12 13 15 14 16 26 28 27 29 30

CONES_ORBITS
{}	# New orbit	# Dimension 7
{0}	# New orbit	# Dimension 8
{3}	# New orbit
{6}	# New orbit
{9}	# New orbit
{12}	# New orbit
{0 6}	# New orbit	# Dimension 9
{2 3}	# New orbit
{3 6}	# New orbit
{1 9}	# New orbit
{6 12}	# New orbit
{9 12}	# New orbit

MAXIMAL_CONES_ORBITS
{0 6}	# New orbit	# Dimension 9
{2 3}	# New orbit
{3 6}	# New orbit
{1 9}	# New orbit
{6 12}	# New orbit
{9 12}	# New orbit

MULTIPLICITIES_ORBITS
1	# New orbit	# Dimension 9
1	# New orbit
1	# New orbit
1	# New orbit
1	# New orbit
1	# New orbit
