_application fan
_version 2.2
_type SymmetricFan

AMBIENT_DIM
30

DIM
8

LINEALITY_DIM
7

RAYS
-6 3 3 -1 8 8 -6 3 -1 8 8 -6 3 -1 -1 -16 -6 -16 -7 -7 3 3 8 8 -7 3 8 8 -7 3	# 0
3 -6 3 8 -1 8 3 -6 -7 -16 -7 3 3 8 -7 8 3 8 -1 8 -6 3 -1 -16 -1 -6 8 -7 8 3	# 1
3 3 -6 -7 -7 -16 3 3 8 8 -1 3 -6 -7 8 8 3 8 8 -1 3 -6 -7 8 8 3 -16 -1 -1 -6	# 2

N_RAYS
3

LINEALITY_SPACE
1 0 0 0 -1 -1 0 -1 0 -1 -1 0 -1 -1 -1 -2 -1 0 -1 -1 0 0 -1 -1 -2 -1 -1 -1 -2 -1
0 1 0 0 1 0 0 1 0 1 0 1 1 1 0 1 1 0 1 0 1 0 1 0 1 1 1 0 1 1
0 0 1 0 0 1 0 0 0 0 1 -1 0 -1 0 0 -1 0 0 1 -1 0 -1 0 0 -1 -1 0 0 -1
0 0 0 1 1 1 0 0 0 0 0 -1 -1 0 0 0 -1 0 0 0 -1 -1 0 0 0 -1 -1 -1 -1 -2
0 0 0 0 0 0 1 1 0 0 0 1 1 1 1 1 2 0 0 0 1 1 1 1 1 2 1 1 1 2
0 0 0 0 0 0 0 0 1 1 1 1 1 1 1 1 1 0 0 0 0 0 0 0 0 0 1 1 1 1
0 0 0 0 0 0 0 0 0 0 0 0 0 0 0 0 0 1 1 1 1 1 1 1 1 1 1 1 1 1

ORTH_LINEALITY_SPACE
1 0 0 0 0 0 0 0 0 0 0 0 0 0 0 0 -1 0 0 0 0 -2 0 0 0 1 -1 1 0 1
0 1 0 0 0 0 0 0 0 0 0 0 0 0 0 0 -1 0 0 0 0 -2 0 0 0 1 -1 2 -1 1
0 0 1 0 0 0 0 0 0 0 0 0 0 0 0 0 -1 0 0 0 0 -2 0 0 0 1 0 1 -1 1
0 0 0 1 0 0 0 0 0 0 0 0 0 0 0 0 -1 0 0 0 0 -1 0 0 0 0 -1 0 0 2
0 0 0 0 1 0 0 0 0 0 0 0 0 0 0 0 -1 0 0 0 0 -1 0 0 0 0 -1 1 -1 2
0 0 0 0 0 1 0 0 0 0 0 0 0 0 0 0 -1 0 0 0 0 -1 0 0 0 0 0 0 -1 2
0 0 0 0 0 0 1 0 0 0 0 0 0 0 0 0 -1 0 0 0 0 -1 0 0 0 0 0 0 0 1
0 0 0 0 0 0 0 1 0 0 0 0 0 0 0 0 -1 0 0 0 0 -1 0 0 0 0 0 1 -1 1
0 0 0 0 0 0 0 0 1 0 0 0 0 0 0 0 -1 0 0 0 0 -1 0 0 0 1 -1 0 0 1
0 0 0 0 0 0 0 0 0 1 0 0 0 0 0 0 -1 0 0 0 0 -1 0 0 0 1 -1 1 -1 1
0 0 0 0 0 0 0 0 0 0 1 0 0 0 0 0 -1 0 0 0 0 -1 0 0 0 1 0 0 -1 1
0 0 0 0 0 0 0 0 0 0 0 1 0 0 0 0 -1 0 0 0 0 -1 0 0 0 1 -1 1 0 0
0 0 0 0 0 0 0 0 0 0 0 0 1 0 0 0 -1 0 0 0 0 -1 0 0 0 1 0 1 -1 0
0 0 0 0 0 0 0 0 0 0 0 0 0 1 0 0 -1 0 0 0 0 0 0 0 0 0 -1 0 0 1
0 0 0 0 0 0 0 0 0 0 0 0 0 0 1 0 -1 0 0 0 0 0 0 0 0 0 0 -1 0 1
0 0 0 0 0 0 0 0 0 0 0 0 0 0 0 1 -1 0 0 0 0 0 0 0 0 0 0 0 -1 1
0 0 0 0 0 0 0 0 0 0 0 0 0 0 0 0 0 1 0 0 0 -1 0 0 0 0 -1 0 0 1
0 0 0 0 0 0 0 0 0 0 0 0 0 0 0 0 0 0 1 0 0 -1 0 0 0 0 -1 1 -1 1
0 0 0 0 0 0 0 0 0 0 0 0 0 0 0 0 0 0 0 1 0 -1 0 0 0 0 0 0 -1 1
0 0 0 0 0 0 0 0 0 0 0 0 0 0 0 0 0 0 0 0 1 -1 0 0 0 0 -1 1 0 0
0 0 0 0 0 0 0 0 0 0 0 0 0 0 0 0 0 0 0 0 0 0 1 0 0 -1 -1 0 0 1
0 0 0 0 0 0 0 0 0 0 0 0 0 0 0 0 0 0 0 0 0 0 0 1 0 -1 0 -1 0 1
0 0 0 0 0 0 0 0 0 0 0 0 0 0 0 0 0 0 0 0 0 0 0 0 1 -1 0 0 -1 1

F_VECTOR
1 3

SIMPLICIAL
1

PURE
1

SYMMETRY_GENERATORS
0 2 1 8 10 9 11 12 3 5 4 6 7 14 13 15 16 17 19 18 21 20 27 26 28 29 23 22 24 25
1 0 2 4 3 5 7 6 18 17 19 20 21 22 24 23 25 9 8 10 11 12 13 15 14 16 26 28 27 29
16 25 29 13 22 26 11 20 14 23 27 6 21 3 8 17 0 15 24 28 7 12 4 9 18 1 5 10 19 2

CONES_ORBITS
{}	# New orbit	# Dimension 7
{2}	# New orbit	# Dimension 8

MAXIMAL_CONES_ORBITS
{2}	# New orbit	# Dimension 8

MULTIPLICITIES_ORBITS
1	# New orbit	# Dimension 8
