_application fan
_version 2.2
_type SymmetricFan

AMBIENT_DIM
31

DIM
9

LINEALITY_DIM
7

RAYS
0 -1 0 1 0 1 1 0 0 -1 0 -1 -1 0 1 0 1 0 1 0 1 0 1 -8 1 1 0 1 0 0 1	# 0
0 0 -1 0 0 -1 -1 -1 1 1 0 1 0 1 0 0 1 1 0 1 0 0 1 0 0 0 -8 1 1 1 1	# 1
0 1 1 -1 0 0 0 1 -1 0 0 0 1 -1 -1 0 0 1 1 1 1 -8 0 0 1 1 0 0 1 1 0	# 2
-5 -5 -2 -5 -5 -2 -2 -2 2 2 5 2 5 2 5 5 5 5 8 5 -12 8 5 8 -12 8 -8 -5 -5 -5 -5	# 3
-5 -2 -5 2 5 2 2 5 -5 -2 -5 -2 -2 5 2 5 5 8 5 -12 5 8 -5 -8 -5 -5 8 5 -12 8 -5	# 4
-5 2 2 -2 5 5 -5 2 -2 5 5 -5 2 -2 -2 -5 -12 -5 -5 5 5 -8 8 8 -5 5 8 8 -5 5 -12	# 5
5 -2 5 2 -5 2 2 -5 5 -2 5 -2 -2 -5 2 -5 -5 -12 -5 8 -5 8 5 -8 5 5 8 -5 8 -12 5	# 6
5 2 2 -2 -5 -5 5 2 -2 -5 -5 5 2 -2 -2 5 8 5 5 -5 -5 -8 -12 8 5 -5 8 -12 5 -5 8	# 7
5 5 -2 5 5 -2 -2 -2 2 2 -5 2 -5 2 -5 -5 -5 -5 -12 -5 8 8 -5 8 8 -12 -8 5 5 5 5	# 8
-15 -5 -5 -5 5 5 -5 5 -5 5 5 -5 5 5 5 5 -2 8 8 -2 -2 8 8 8 -22 8 8 8 -22 8 -22	# 9
5 -5 5 -5 -15 -5 5 -5 5 -5 5 5 5 -5 5 5 8 -2 8 8 -22 8 -2 8 -2 8 8 -22 8 -22 8	# 10
5 5 -5 5 5 -5 5 5 -5 -5 -15 5 -5 5 -5 5 8 8 -2 -22 8 8 -22 8 8 -22 8 -2 -2 8 8	# 11
5 5 5 5 5 5 -5 -5 5 5 5 -5 -5 -5 -5 -15 -22 -22 -22 8 8 8 8 8 8 -2 8 8 8 -2 -2	# 12

N_RAYS
13

LINEALITY_SPACE
1 0 0 0 -1 -1 0 -1 0 -1 -1 0 -1 -1 -1 -1 0 -1 -1 0 0 -1 -1 -1 -2 -1 -1 -1 -2 -1 -2
0 1 0 0 1 0 0 1 0 1 0 1 1 1 0 1 0 1 0 1 0 1 1 0 1 1 1 0 1 1 1
0 0 1 0 0 1 0 0 0 0 1 -1 0 -1 0 -1 0 0 1 -1 0 0 -1 0 0 -1 -1 0 0 -1 -1
0 0 0 1 1 1 0 0 0 0 0 -1 -1 0 0 -1 0 0 0 -1 -1 -1 0 0 0 -1 -1 -1 -1 -2 -1
0 0 0 0 0 0 1 1 0 0 0 1 1 1 1 2 0 0 0 1 1 1 1 1 1 2 1 1 1 2 2
0 0 0 0 0 0 0 0 1 1 1 1 1 1 1 1 0 0 0 0 0 0 0 0 0 0 1 1 1 1 1
0 0 0 0 0 0 0 0 0 0 0 0 0 0 0 0 1 1 1 1 1 1 1 1 1 1 1 1 1 1 1

ORTH_LINEALITY_SPACE
1 0 0 0 0 0 0 0 0 0 0 0 0 0 0 -1 0 0 0 0 0 0 0 0 0 -1 -1 -1 0 1 2
0 1 0 0 0 0 0 0 0 0 0 0 0 0 0 -1 0 0 0 0 0 0 0 0 0 -1 -1 0 -1 1 2
0 0 1 0 0 0 0 0 0 0 0 0 0 0 0 -1 0 0 0 0 0 0 0 0 0 -1 0 -1 -1 1 2
0 0 0 1 0 0 0 0 0 0 0 0 0 0 0 -1 0 0 0 0 0 0 0 0 0 -1 -1 -1 0 2 1
0 0 0 0 1 0 0 0 0 0 0 0 0 0 0 -1 0 0 0 0 0 0 0 0 0 -1 -1 0 -1 2 1
0 0 0 0 0 1 0 0 0 0 0 0 0 0 0 -1 0 0 0 0 0 0 0 0 0 -1 0 -1 -1 2 1
0 0 0 0 0 0 1 0 0 0 0 0 0 0 0 -1 0 0 0 0 0 0 0 0 0 -1 0 -1 0 1 1
0 0 0 0 0 0 0 1 0 0 0 0 0 0 0 -1 0 0 0 0 0 0 0 0 0 -1 0 0 -1 1 1
0 0 0 0 0 0 0 0 1 0 0 0 0 0 0 -1 0 0 0 0 0 0 0 0 0 0 -1 -1 0 1 1
0 0 0 0 0 0 0 0 0 1 0 0 0 0 0 -1 0 0 0 0 0 0 0 0 0 0 -1 0 -1 1 1
0 0 0 0 0 0 0 0 0 0 1 0 0 0 0 -1 0 0 0 0 0 0 0 0 0 0 0 -1 -1 1 1
0 0 0 0 0 0 0 0 0 0 0 1 0 0 0 -1 0 0 0 0 0 0 0 0 0 0 -1 0 0 0 1
0 0 0 0 0 0 0 0 0 0 0 0 1 0 0 -1 0 0 0 0 0 0 0 0 0 0 0 0 -1 0 1
0 0 0 0 0 0 0 0 0 0 0 0 0 1 0 -1 0 0 0 0 0 0 0 0 0 0 -1 0 0 1 0
0 0 0 0 0 0 0 0 0 0 0 0 0 0 1 -1 0 0 0 0 0 0 0 0 0 0 0 -1 0 1 0
0 0 0 0 0 0 0 0 0 0 0 0 0 0 0 0 1 0 0 0 0 0 0 0 0 -1 -1 -1 0 1 1
0 0 0 0 0 0 0 0 0 0 0 0 0 0 0 0 0 1 0 0 0 0 0 0 0 -1 -1 0 -1 1 1
0 0 0 0 0 0 0 0 0 0 0 0 0 0 0 0 0 0 1 0 0 0 0 0 0 -1 0 -1 -1 1 1
0 0 0 0 0 0 0 0 0 0 0 0 0 0 0 0 0 0 0 1 0 0 0 0 0 -1 -1 0 0 0 1
0 0 0 0 0 0 0 0 0 0 0 0 0 0 0 0 0 0 0 0 1 0 0 0 0 -1 0 -1 0 0 1
0 0 0 0 0 0 0 0 0 0 0 0 0 0 0 0 0 0 0 0 0 1 0 0 0 -1 0 0 -1 0 1
0 0 0 0 0 0 0 0 0 0 0 0 0 0 0 0 0 0 0 0 0 0 1 0 0 -1 -1 0 0 1 0
0 0 0 0 0 0 0 0 0 0 0 0 0 0 0 0 0 0 0 0 0 0 0 1 0 -1 0 -1 0 1 0
0 0 0 0 0 0 0 0 0 0 0 0 0 0 0 0 0 0 0 0 0 0 0 0 1 -1 0 0 -1 1 0

F_VECTOR
1 13 21

SIMPLICIAL
1

PURE
1

SYMMETRY_GENERATORS
0 6 3 11 15 13 8 14 1 7 4 2 5 12 9 10 19 25 22 20 16 23 29 26 30 27 21 17 24 18 28
4 1 7 3 0 6 5 2 13 11 15 9 12 8 14 10 22 19 25 17 24 21 16 23 20 18 26 30 29 28 27

CONES_ORBITS
{}	# New orbit	# Dimension 7
{2}	# New orbit	# Dimension 8
{8}	# New orbit
{12}	# New orbit
{1 2}	# New orbit	# Dimension 9
{1 8}	# New orbit
{8 12}	# New orbit

MAXIMAL_CONES_ORBITS
{1 2}	# New orbit	# Dimension 9
{1 8}	# New orbit
{8 12}	# New orbit

MULTIPLICITIES_ORBITS
1	# New orbit	# Dimension 9
1	# New orbit
1	# New orbit
