_application fan
_version 2.2
_type SymmetricFan

AMBIENT_DIM
30

DIM
8

LINEALITY_DIM
7

RAYS
0 -1 0 1 0 1 1 0 0 -1 0 -1 -1 0 1 0 1 0 1 0 1 1 -8 1 1 0 1 0 0 1	# 0
0 0 -1 0 0 -1 -1 -1 1 1 0 1 0 1 0 0 1 1 0 1 0 1 0 0 0 -8 1 1 1 1	# 1
-5 1 1 -1 5 5 -5 1 -1 5 5 -5 1 -1 -1 -5 -12 -6 -6 4 4 8 8 -6 4 8 8 -6 4 -12	# 2
5 1 1 -1 -5 -5 5 1 -1 -5 -5 5 1 -1 -1 5 8 4 4 -6 -6 -12 8 4 -6 8 -12 4 -6 8	# 3

N_RAYS
4

LINEALITY_SPACE
1 0 0 0 -1 -1 0 -1 0 -1 -1 0 -1 -1 -1 -1 0 -1 -1 0 0 -1 -1 -2 -1 -1 -1 -2 -1 -2
0 1 0 0 1 0 0 1 0 1 0 1 1 1 0 1 0 1 0 1 0 1 0 1 1 1 0 1 1 1
0 0 1 0 0 1 0 0 0 0 1 -1 0 -1 0 -1 0 0 1 -1 0 -1 0 0 -1 -1 0 0 -1 -1
0 0 0 1 1 1 0 0 0 0 0 -1 -1 0 0 -1 0 0 0 -1 -1 0 0 0 -1 -1 -1 -1 -2 -1
0 0 0 0 0 0 1 1 0 0 0 1 1 1 1 2 0 0 0 1 1 1 1 1 2 1 1 1 2 2
0 0 0 0 0 0 0 0 1 1 1 1 1 1 1 1 0 0 0 0 0 0 0 0 0 1 1 1 1 1
0 0 0 0 0 0 0 0 0 0 0 0 0 0 0 0 1 1 1 1 1 1 1 1 1 1 1 1 1 1

ORTH_LINEALITY_SPACE
1 0 0 0 0 0 0 0 0 0 0 0 0 0 0 -1 0 0 0 0 0 0 0 0 -1 -1 -1 0 1 2
0 1 0 0 0 0 0 0 0 0 0 0 0 0 0 -1 0 0 0 0 0 0 0 0 -1 -1 0 -1 1 2
0 0 1 0 0 0 0 0 0 0 0 0 0 0 0 -1 0 0 0 0 0 0 0 0 -1 0 -1 -1 1 2
0 0 0 1 0 0 0 0 0 0 0 0 0 0 0 -1 0 0 0 0 0 0 0 0 -1 -1 -1 0 2 1
0 0 0 0 1 0 0 0 0 0 0 0 0 0 0 -1 0 0 0 0 0 0 0 0 -1 -1 0 -1 2 1
0 0 0 0 0 1 0 0 0 0 0 0 0 0 0 -1 0 0 0 0 0 0 0 0 -1 0 -1 -1 2 1
0 0 0 0 0 0 1 0 0 0 0 0 0 0 0 -1 0 0 0 0 0 0 0 0 -1 0 -1 0 1 1
0 0 0 0 0 0 0 1 0 0 0 0 0 0 0 -1 0 0 0 0 0 0 0 0 -1 0 0 -1 1 1
0 0 0 0 0 0 0 0 1 0 0 0 0 0 0 -1 0 0 0 0 0 0 0 0 0 -1 -1 0 1 1
0 0 0 0 0 0 0 0 0 1 0 0 0 0 0 -1 0 0 0 0 0 0 0 0 0 -1 0 -1 1 1
0 0 0 0 0 0 0 0 0 0 1 0 0 0 0 -1 0 0 0 0 0 0 0 0 0 0 -1 -1 1 1
0 0 0 0 0 0 0 0 0 0 0 1 0 0 0 -1 0 0 0 0 0 0 0 0 0 -1 0 0 0 1
0 0 0 0 0 0 0 0 0 0 0 0 1 0 0 -1 0 0 0 0 0 0 0 0 0 0 0 -1 0 1
0 0 0 0 0 0 0 0 0 0 0 0 0 1 0 -1 0 0 0 0 0 0 0 0 0 -1 0 0 1 0
0 0 0 0 0 0 0 0 0 0 0 0 0 0 1 -1 0 0 0 0 0 0 0 0 0 0 -1 0 1 0
0 0 0 0 0 0 0 0 0 0 0 0 0 0 0 0 1 0 0 0 0 0 0 0 -1 -1 -1 0 1 1
0 0 0 0 0 0 0 0 0 0 0 0 0 0 0 0 0 1 0 0 0 0 0 0 -1 -1 0 -1 1 1
0 0 0 0 0 0 0 0 0 0 0 0 0 0 0 0 0 0 1 0 0 0 0 0 -1 0 -1 -1 1 1
0 0 0 0 0 0 0 0 0 0 0 0 0 0 0 0 0 0 0 1 0 0 0 0 -1 -1 0 0 0 1
0 0 0 0 0 0 0 0 0 0 0 0 0 0 0 0 0 0 0 0 1 0 0 0 -1 0 -1 0 0 1
0 0 0 0 0 0 0 0 0 0 0 0 0 0 0 0 0 0 0 0 0 1 0 0 -1 -1 0 0 1 0
0 0 0 0 0 0 0 0 0 0 0 0 0 0 0 0 0 0 0 0 0 0 1 0 -1 0 -1 0 1 0
0 0 0 0 0 0 0 0 0 0 0 0 0 0 0 0 0 0 0 0 0 0 0 1 -1 0 0 -1 1 0

F_VECTOR
1 4

SIMPLICIAL
1

PURE
1

SYMMETRY_GENERATORS
0 2 1 8 10 9 11 12 3 5 4 6 7 14 13 15 16 18 17 20 19 26 25 27 28 22 21 23 24 29
4 1 7 3 0 6 5 2 13 11 15 9 12 8 14 10 21 19 24 17 23 16 22 20 18 25 29 28 27 26

CONES_ORBITS
{}	# New orbit	# Dimension 7
{1}	# New orbit	# Dimension 8
{3}	# New orbit

MAXIMAL_CONES_ORBITS
{1}	# New orbit	# Dimension 8
{3}	# New orbit

MULTIPLICITIES_ORBITS
1	# New orbit	# Dimension 8
1	# New orbit
