_application fan
_version 2.2
_type SymmetricFan

AMBIENT_DIM
29

DIM
9

LINEALITY_DIM
7

RAYS
-1827 -1832 -1832 -67 -67 -72 -243 -248 -248 1517 1517 1512 45 40 1805 -243 -248 -248 1517 1517 1512 45 40 1805 1629 1629 1624 -12496 1917	# 0
-1827 -67 -67 -1832 -1832 -72 -243 1517 1517 -248 -248 1512 45 1805 40 -243 1517 1517 -248 -248 1512 45 1805 40 1629 1629 -12496 1624 1917	# 1
-369 256 256 256 256 -884 -336 289 289 289 289 -851 -330 295 295 -336 289 289 289 289 -851 -330 295 295 -297 -297 328 328 -291	# 2
-155 9 9 9 9 -180 -78 86 86 86 86 -103 -64 100 100 -78 86 86 86 86 -103 -64 100 100 13 13 -176 -176 27	# 3
14413 -5747 20728 -5747 20728 568 21332 1172 27647 1172 27647 7487 -30360 -50520 -50520 -17498 -37658 -11183 -37658 -11183 -31343 29650 35965 35965 36569 -62271 42884 42884 -15123	# 4
14413 20728 -5747 20728 -5747 568 -17498 -11183 -37658 -11183 -37658 -31343 29650 35965 35965 21332 27647 1172 27647 1172 7487 -30360 -50520 -50520 -62271 36569 42884 42884 -15123	# 5
182754 -420941 262114 205634 -239146 284994 203346 -400349 282706 226226 -218554 305586 -31185 -634880 -8305 28611 -575084 107971 51491 -393289 130851 238860 318220 -183040 259452 -185328 338812 -162448 24921	# 6
182754 -239146 205634 262114 -420941 284994 28611 -393289 51491 107971 -575084 130851 238860 -183040 318220 203346 -218554 226226 282706 -400349 305586 -31185 -8305 -634880 -185328 259452 -162448 338812 24921	# 7
182754 205634 -239146 -420941 262114 284994 203346 226226 -218554 -400349 282706 305586 -31185 -8305 -634880 28611 51491 -393289 -575084 107971 130851 238860 -183040 318220 259452 -185328 -162448 338812 24921	# 8
182754 262114 -420941 -239146 205634 284994 28611 107971 -575084 -393289 51491 130851 238860 318220 -183040 203346 282706 -400349 -218554 226226 305586 -31185 -634880 -8305 -185328 259452 338812 -162448 24921	# 9

N_RAYS
10

LINEALITY_SPACE
1 0 0 0 0 -1 0 -1 -1 -1 -1 -2 0 -1 -1 0 -1 -1 -1 -1 -2 0 -1 -1 -1 -1 -2 -2 -1
0 1 0 0 -1 0 0 1 0 0 -1 0 0 1 0 0 1 0 0 -1 0 1 1 0 1 0 1 0 1
0 0 1 0 1 1 0 0 1 0 1 1 0 0 0 0 0 1 0 1 1 -1 0 0 -1 0 0 0 -1
0 0 0 1 1 1 0 0 0 1 1 1 0 0 1 0 0 0 1 1 1 0 0 1 0 0 0 1 0
0 0 0 0 0 0 1 1 1 1 1 1 0 0 0 0 0 0 0 0 0 -1 -1 -1 0 0 0 0 -1
0 0 0 0 0 0 0 0 0 0 0 0 1 1 1 0 0 0 0 0 0 1 1 1 1 1 1 1 2
0 0 0 0 0 0 0 0 0 0 0 0 0 0 0 1 1 1 1 1 1 1 1 1 1 1 1 1 1

ORTH_LINEALITY_SPACE
1 0 0 0 0 0 0 0 0 0 0 0 0 0 -1 0 0 0 0 0 0 0 0 -1 -1 -1 0 2 1
0 1 0 0 0 0 0 0 0 0 0 0 0 0 -1 0 0 0 0 0 0 0 0 -1 -1 0 -1 2 1
0 0 1 0 0 0 0 0 0 0 0 0 0 0 -1 0 0 0 0 0 0 0 0 -1 0 -1 -1 2 1
0 0 0 1 0 0 0 0 0 0 0 0 0 0 -1 0 0 0 0 0 0 0 0 -1 -1 0 0 1 1
0 0 0 0 1 0 0 0 0 0 0 0 0 0 -1 0 0 0 0 0 0 0 0 -1 0 -1 0 1 1
0 0 0 0 0 1 0 0 0 0 0 0 0 0 -1 0 0 0 0 0 0 0 0 -1 0 0 -1 1 1
0 0 0 0 0 0 1 0 0 0 0 0 0 0 -1 0 0 0 0 0 0 0 0 0 -1 -1 0 1 1
0 0 0 0 0 0 0 1 0 0 0 0 0 0 -1 0 0 0 0 0 0 0 0 0 -1 0 -1 1 1
0 0 0 0 0 0 0 0 1 0 0 0 0 0 -1 0 0 0 0 0 0 0 0 0 0 -1 -1 1 1
0 0 0 0 0 0 0 0 0 1 0 0 0 0 -1 0 0 0 0 0 0 0 0 0 -1 0 0 0 1
0 0 0 0 0 0 0 0 0 0 1 0 0 0 -1 0 0 0 0 0 0 0 0 0 0 -1 0 0 1
0 0 0 0 0 0 0 0 0 0 0 1 0 0 -1 0 0 0 0 0 0 0 0 0 0 0 -1 0 1
0 0 0 0 0 0 0 0 0 0 0 0 1 0 -1 0 0 0 0 0 0 0 0 0 0 -1 0 1 0
0 0 0 0 0 0 0 0 0 0 0 0 0 1 -1 0 0 0 0 0 0 0 0 0 0 0 -1 1 0
0 0 0 0 0 0 0 0 0 0 0 0 0 0 0 1 0 0 0 0 0 0 0 -1 -1 -1 0 1 1
0 0 0 0 0 0 0 0 0 0 0 0 0 0 0 0 1 0 0 0 0 0 0 -1 -1 0 -1 1 1
0 0 0 0 0 0 0 0 0 0 0 0 0 0 0 0 0 1 0 0 0 0 0 -1 0 -1 -1 1 1
0 0 0 0 0 0 0 0 0 0 0 0 0 0 0 0 0 0 1 0 0 0 0 -1 -1 0 0 0 1
0 0 0 0 0 0 0 0 0 0 0 0 0 0 0 0 0 0 0 1 0 0 0 -1 0 -1 0 0 1
0 0 0 0 0 0 0 0 0 0 0 0 0 0 0 0 0 0 0 0 1 0 0 -1 0 0 -1 0 1
0 0 0 0 0 0 0 0 0 0 0 0 0 0 0 0 0 0 0 0 0 1 0 -1 -1 0 0 1 0
0 0 0 0 0 0 0 0 0 0 0 0 0 0 0 0 0 0 0 0 0 0 1 -1 0 0 -1 1 0

F_VECTOR
1 10 15

SIMPLICIAL
1

PURE
1

SYMMETRY_GENERATORS
0 2 1 4 3 5 15 17 16 19 18 20 21 22 23 6 8 7 10 9 11 12 13 14 25 24 26 27 28
0 3 4 1 2 5 6 9 10 7 8 11 12 14 13 15 18 19 16 17 20 21 23 22 24 25 27 26 28

CONES_ORBITS
{}	# New orbit	# Dimension 7
{1}	# New orbit	# Dimension 8
{2}	# New orbit
{3}	# New orbit
{5}	# New orbit
{9}	# New orbit
{1 3}	# New orbit	# Dimension 9
{2 3}	# New orbit
{2 5}	# New orbit
{0 9}	# New orbit
{5 9}	# New orbit
{8 9}	# New orbit

MAXIMAL_CONES_ORBITS
{1 3}	# New orbit	# Dimension 9
{2 3}	# New orbit
{2 5}	# New orbit
{0 9}	# New orbit
{5 9}	# New orbit
{8 9}	# New orbit

MULTIPLICITIES_ORBITS
1	# New orbit	# Dimension 9
1	# New orbit
1	# New orbit
1	# New orbit
1	# New orbit
1	# New orbit
