_application fan
_version 2.2
_type SymmetricFan

AMBIENT_DIM
27

DIM
9

LINEALITY_DIM
7

RAYS
-2 -2 -2 -2 -2 -2 1 1 1 1 1 1 2 2 2 1 1 1 1 1 1 2 2 2 -4 -4 -4	# 0
-2 1 2 1 2 -4 -2 1 2 1 2 -4 -2 1 1 -2 1 2 1 2 -4 -2 1 1 -2 1 1	# 1
1 -2 2 1 -4 2 1 -2 2 1 -4 2 1 -2 1 1 -2 2 1 -4 2 1 -2 1 1 -2 1	# 2
1 1 -4 -2 2 2 1 1 -4 -2 2 2 1 1 -2 1 1 -4 -2 2 2 1 1 -2 1 1 -2	# 3
1 1 1 1 1 1 -2 -2 -2 -2 -2 -2 2 2 2 1 1 1 1 1 1 -4 -4 -4 2 2 2	# 4
1 1 1 1 1 1 1 1 1 1 1 1 -4 -4 -4 -2 -2 -2 -2 -2 -2 2 2 2 2 2 2	# 5

N_RAYS
6

LINEALITY_SPACE
1 0 0 0 0 -1 0 -1 -1 -1 -1 -2 0 -1 -1 0 -1 -1 -1 -1 -2 0 -1 -1 -1 -2 -2
0 1 0 0 -1 0 0 1 0 0 -1 0 0 1 0 0 1 0 0 -1 0 0 1 0 0 1 0
0 0 1 0 1 1 0 0 1 0 1 1 0 0 0 0 0 1 0 1 1 0 0 0 0 0 0
0 0 0 1 1 1 0 0 0 1 1 1 0 0 1 0 0 0 1 1 1 0 0 1 0 0 1
0 0 0 0 0 0 1 1 1 1 1 1 0 0 0 0 0 0 0 0 0 -1 -1 -1 0 0 0
0 0 0 0 0 0 0 0 0 0 0 0 1 1 1 0 0 0 0 0 0 1 1 1 1 1 1
0 0 0 0 0 0 0 0 0 0 0 0 0 0 0 1 1 1 1 1 1 1 1 1 1 1 1

ORTH_LINEALITY_SPACE
1 0 0 0 0 0 0 0 0 0 0 0 0 0 -1 0 0 0 -1 0 0 0 0 0 -1 0 2
0 1 0 0 0 0 0 0 0 0 0 0 0 0 -1 0 0 0 -1 0 0 0 0 0 0 -1 2
0 0 1 0 0 0 0 0 0 0 0 0 0 0 -1 0 0 0 0 0 -1 0 0 0 -1 0 2
0 0 0 1 0 0 0 0 0 0 0 0 0 0 -1 0 0 0 -1 0 0 0 0 0 0 0 1
0 0 0 0 1 0 0 0 0 0 0 0 0 0 -1 0 0 0 0 0 -1 0 0 0 -1 1 1
0 0 0 0 0 1 0 0 0 0 0 0 0 0 -1 0 0 0 0 0 -1 0 0 0 0 0 1
0 0 0 0 0 0 1 0 0 0 0 0 0 0 -1 0 0 0 -1 0 0 0 0 1 -1 0 1
0 0 0 0 0 0 0 1 0 0 0 0 0 0 -1 0 0 0 -1 0 0 0 0 1 0 -1 1
0 0 0 0 0 0 0 0 1 0 0 0 0 0 -1 0 0 0 0 0 -1 0 0 1 -1 0 1
0 0 0 0 0 0 0 0 0 1 0 0 0 0 -1 0 0 0 -1 0 0 0 0 1 0 0 0
0 0 0 0 0 0 0 0 0 0 1 0 0 0 -1 0 0 0 0 0 -1 0 0 1 -1 1 0
0 0 0 0 0 0 0 0 0 0 0 1 0 0 -1 0 0 0 0 0 -1 0 0 1 0 0 0
0 0 0 0 0 0 0 0 0 0 0 0 1 0 -1 0 0 0 0 0 0 0 0 0 -1 0 1
0 0 0 0 0 0 0 0 0 0 0 0 0 1 -1 0 0 0 0 0 0 0 0 0 0 -1 1
0 0 0 0 0 0 0 0 0 0 0 0 0 0 0 1 0 0 -1 0 0 0 0 0 -1 0 1
0 0 0 0 0 0 0 0 0 0 0 0 0 0 0 0 1 0 -1 0 0 0 0 0 0 -1 1
0 0 0 0 0 0 0 0 0 0 0 0 0 0 0 0 0 1 0 0 -1 0 0 0 -1 0 1
0 0 0 0 0 0 0 0 0 0 0 0 0 0 0 0 0 0 0 1 -1 0 0 0 -1 1 0
0 0 0 0 0 0 0 0 0 0 0 0 0 0 0 0 0 0 0 0 0 1 0 -1 -1 0 1
0 0 0 0 0 0 0 0 0 0 0 0 0 0 0 0 0 0 0 0 0 0 1 -1 0 -1 1

F_VECTOR
1 6 9

SIMPLICIAL
1

PURE
1

SYMMETRY_GENERATORS
0 1 2 3 4 5 15 16 17 18 19 20 21 22 23 6 7 8 9 10 11 12 13 14 24 25 26
0 3 4 1 2 5 6 9 10 7 8 11 12 14 13 15 18 19 16 17 20 21 23 22 24 26 25
0 6 12 15 21 24 1 7 13 16 22 25 2 8 17 3 9 14 18 23 26 4 10 19 5 11 20
1 0 2 3 5 4 7 6 8 9 11 10 13 12 14 16 15 17 18 20 19 22 21 23 25 24 26

CONES_ORBITS
{}	# New orbit	# Dimension 7
{5}	# New orbit	# Dimension 8
{3 5}	# New orbit	# Dimension 9

MAXIMAL_CONES_ORBITS
{3 5}	# New orbit	# Dimension 9

MULTIPLICITIES_ORBITS
1	# New orbit	# Dimension 9
