_application fan
_version 2.2
_type SymmetricFan

AMBIENT_DIM
32

DIM
10

LINEALITY_DIM
7

RAYS
-35 -10 -10 -10 15 15 -10 15 -10 15 15 -10 15 15 15 -40 15 -9 16 16 -9 -9 16 16 16 -39 16 16 16 -39 16 -39	# 0
-13 -10 -4 -10 -7 -1 -4 -1 4 7 13 4 13 7 13 -24 13 7 10 16 7 -27 16 10 16 -21 16 -16 -10 -7 -10 -7	# 1
-13 -4 -10 4 13 7 4 13 -10 -1 -7 -4 -1 13 7 -24 13 7 16 10 -27 7 16 -10 -16 -7 -10 16 10 -21 16 -7	# 2
-13 4 4 -4 13 13 -10 7 -4 13 13 -10 7 -1 -1 -24 -7 -27 -10 -10 7 7 -16 16 16 -7 10 16 16 -7 10 -21	# 3
-9 -9 -9 -1 -1 -1 0 0 -1 -1 -1 0 0 8 8 8 9 -1 -1 -1 0 0 0 8 8 8 9 8 8 8 9 -63	# 4
-9 -1 0 -9 -1 0 -9 -1 0 8 9 -1 8 -1 0 8 -1 0 8 9 -1 0 8 -1 0 8 -1 8 9 -63 8 8	# 5
-9 0 -1 0 9 8 -1 8 -9 0 -1 -9 -1 0 -1 8 -1 0 9 8 0 -1 8 9 8 -63 8 0 -1 8 -1 8	# 6
-9 -20 -7 -20 -31 -18 -7 -18 17 6 19 17 19 6 19 8 19 22 11 24 22 -45 24 11 24 13 24 -32 -19 -30 -19 -30	# 7
-9 -7 -20 17 19 6 17 19 -20 -18 -31 -7 -18 19 6 8 19 22 24 11 -45 22 24 -19 -32 -30 -19 24 11 13 24 -30	# 8
-9 17 17 -7 19 19 -20 6 -7 19 19 -20 6 -18 -18 8 -31 -45 -19 -19 22 22 -32 24 24 -30 11 24 24 -30 11 13	# 9
-1 0 0 0 1 1 0 1 0 1 1 0 1 1 1 -8 1 -1 0 0 -1 -1 0 0 0 1 0 0 0 1 0 1	# 10
0 -1 0 1 0 1 1 0 0 -1 0 -1 -1 0 1 0 0 1 0 1 0 1 0 1 -8 1 1 0 1 0 0 1	# 11
0 0 -1 0 0 -1 -1 -1 1 1 0 1 0 1 0 0 0 1 1 0 1 0 0 1 0 0 0 -8 1 1 1 1	# 12
0 1 1 -1 0 0 0 1 -1 0 0 0 1 -1 -1 0 0 0 1 1 1 1 -8 0 0 1 1 0 0 1 1 0	# 13
2 -13 5 3 -12 6 -12 -27 5 -10 8 12 15 13 -9 16 -2 6 -9 9 13 -9 16 14 -8 17 -1 -24 -6 -21 1 2	# 14
2 -12 3 12 -2 13 5 -9 -13 -27 -12 5 6 15 -10 16 8 13 -1 14 -9 6 -8 1 -24 2 -6 16 -9 17 9 -21	# 15
2 3 -12 -13 -12 -27 5 6 12 13 -2 5 -9 -10 15 16 8 13 14 -1 6 -9 -8 -9 16 17 9 -24 1 2 -6 -21	# 16
2 5 -13 5 8 -10 12 15 3 6 -12 -12 -27 -9 13 16 -2 6 9 -9 -9 13 16 -6 -24 -21 1 -8 14 17 -1 2	# 17
2 5 12 5 8 15 -13 -10 -12 -9 -2 3 13 6 -27 16 -12 -9 -6 1 6 13 -24 9 16 -21 -9 -8 -1 2 14 17	# 18
2 12 5 -12 -2 -9 3 13 5 15 8 -13 -10 -27 6 16 -12 -9 1 -6 13 6 -24 -1 -8 2 14 16 9 -21 -9 17	# 19
9 -4 10 4 -9 5 4 -9 10 -3 11 -4 -3 -9 5 -8 -9 -11 -24 -10 15 -11 16 10 -16 11 10 16 -10 17 -24 11	# 20
9 4 4 -4 -9 -9 10 5 -4 -9 -9 10 5 -3 -3 -8 11 15 10 10 -11 -11 -16 -24 16 11 -10 16 -24 11 -10 17	# 21
9 10 -4 10 11 -3 -4 -3 4 5 -9 4 -9 5 -9 -8 -9 -11 -10 -24 -11 15 16 -10 16 17 -24 -16 10 11 10 11	# 22
9 -10 10 -10 -29 -9 10 -9 10 -9 11 10 11 -9 11 -8 11 15 -4 16 15 -45 16 -4 16 -3 16 16 -44 17 -44 17	# 23
9 10 -10 10 11 -9 10 11 -10 -9 -29 10 -9 11 -9 -8 11 15 16 -4 -45 15 16 -44 16 17 -44 16 -4 -3 16 17	# 24
9 10 10 10 11 11 -10 -9 10 11 11 -10 -9 -9 -9 -8 -29 -45 -44 -44 15 15 16 16 16 17 -4 16 16 17 -4 -3	# 25
13 -25 18 15 -23 20 -7 -45 2 -36 7 17 22 19 -18 24 -3 4 -34 9 19 -18 24 21 -16 26 -1 8 -29 13 -14 -12	# 26
13 -7 15 17 -3 19 2 -18 -25 -45 -23 18 20 22 -36 24 7 19 -1 21 -18 4 -16 -14 8 -12 -29 24 -34 26 9 13	# 27
13 2 17 18 7 22 -25 -36 -7 -18 -3 15 19 20 -45 24 -23 -18 -29 -14 4 19 8 9 24 13 -34 -16 -1 -12 21 26	# 28
13 15 -7 -25 -23 -45 18 20 17 19 -3 2 -18 -36 22 24 7 19 21 -1 4 -18 -16 -34 24 26 9 8 -14 -12 -29 13	# 29
13 17 2 -7 -3 -18 15 19 18 22 7 -25 -36 -45 20 24 -23 -18 -14 -29 19 4 8 -1 -16 -12 21 24 9 13 -34 26	# 30
13 18 -25 2 7 -36 17 22 15 20 -23 -7 -45 -18 19 24 -3 4 9 -34 -18 19 24 -29 8 13 -14 -16 21 26 -1 -12	# 31

N_RAYS
32

LINEALITY_SPACE
1 0 0 0 -1 -1 0 -1 0 -1 -1 0 -1 -1 -1 -2 -1 0 -1 -1 0 0 -1 -1 -1 -2 -1 -1 -1 -2 -1 -2
0 1 0 0 1 0 0 1 0 1 0 1 1 1 0 1 1 0 1 0 1 0 1 1 0 1 1 1 0 1 1 1
0 0 1 0 0 1 0 0 0 0 1 -1 0 -1 0 0 -1 0 0 1 -1 0 0 -1 0 0 -1 -1 0 0 -1 -1
0 0 0 1 1 1 0 0 0 0 0 -1 -1 0 0 0 -1 0 0 0 -1 -1 -1 0 0 0 -1 -1 -1 -1 -2 -1
0 0 0 0 0 0 1 1 0 0 0 1 1 1 1 1 2 0 0 0 1 1 1 1 1 1 2 1 1 1 2 2
0 0 0 0 0 0 0 0 1 1 1 1 1 1 1 1 1 0 0 0 0 0 0 0 0 0 0 1 1 1 1 1
0 0 0 0 0 0 0 0 0 0 0 0 0 0 0 0 0 1 1 1 1 1 1 1 1 1 1 1 1 1 1 1

ORTH_LINEALITY_SPACE
1 0 0 0 0 0 0 0 0 0 0 0 0 0 0 0 -1 0 0 0 0 0 0 0 0 0 -1 -1 -1 0 1 2
0 1 0 0 0 0 0 0 0 0 0 0 0 0 0 0 -1 0 0 0 0 0 0 0 0 0 -1 -1 0 -1 1 2
0 0 1 0 0 0 0 0 0 0 0 0 0 0 0 0 -1 0 0 0 0 0 0 0 0 0 -1 0 -1 -1 1 2
0 0 0 1 0 0 0 0 0 0 0 0 0 0 0 0 -1 0 0 0 0 0 0 0 0 0 -1 -1 -1 0 2 1
0 0 0 0 1 0 0 0 0 0 0 0 0 0 0 0 -1 0 0 0 0 0 0 0 0 0 -1 -1 0 -1 2 1
0 0 0 0 0 1 0 0 0 0 0 0 0 0 0 0 -1 0 0 0 0 0 0 0 0 0 -1 0 -1 -1 2 1
0 0 0 0 0 0 1 0 0 0 0 0 0 0 0 0 -1 0 0 0 0 0 0 0 0 0 -1 0 -1 0 1 1
0 0 0 0 0 0 0 1 0 0 0 0 0 0 0 0 -1 0 0 0 0 0 0 0 0 0 -1 0 0 -1 1 1
0 0 0 0 0 0 0 0 1 0 0 0 0 0 0 0 -1 0 0 0 0 0 0 0 0 0 0 -1 -1 0 1 1
0 0 0 0 0 0 0 0 0 1 0 0 0 0 0 0 -1 0 0 0 0 0 0 0 0 0 0 -1 0 -1 1 1
0 0 0 0 0 0 0 0 0 0 1 0 0 0 0 0 -1 0 0 0 0 0 0 0 0 0 0 0 -1 -1 1 1
0 0 0 0 0 0 0 0 0 0 0 1 0 0 0 0 -1 0 0 0 0 0 0 0 0 0 0 -1 0 0 0 1
0 0 0 0 0 0 0 0 0 0 0 0 1 0 0 0 -1 0 0 0 0 0 0 0 0 0 0 0 0 -1 0 1
0 0 0 0 0 0 0 0 0 0 0 0 0 1 0 0 -1 0 0 0 0 0 0 0 0 0 0 -1 0 0 1 0
0 0 0 0 0 0 0 0 0 0 0 0 0 0 1 0 -1 0 0 0 0 0 0 0 0 0 0 0 -1 0 1 0
0 0 0 0 0 0 0 0 0 0 0 0 0 0 0 1 -1 0 0 0 0 0 0 0 0 0 0 0 0 -1 1 0
0 0 0 0 0 0 0 0 0 0 0 0 0 0 0 0 0 1 0 0 0 0 0 0 0 0 -1 -1 -1 0 1 1
0 0 0 0 0 0 0 0 0 0 0 0 0 0 0 0 0 0 1 0 0 0 0 0 0 0 -1 -1 0 -1 1 1
0 0 0 0 0 0 0 0 0 0 0 0 0 0 0 0 0 0 0 1 0 0 0 0 0 0 -1 0 -1 -1 1 1
0 0 0 0 0 0 0 0 0 0 0 0 0 0 0 0 0 0 0 0 1 0 0 0 0 0 -1 -1 0 0 0 1
0 0 0 0 0 0 0 0 0 0 0 0 0 0 0 0 0 0 0 0 0 1 0 0 0 0 -1 0 -1 0 0 1
0 0 0 0 0 0 0 0 0 0 0 0 0 0 0 0 0 0 0 0 0 0 1 0 0 0 -1 0 0 -1 0 1
0 0 0 0 0 0 0 0 0 0 0 0 0 0 0 0 0 0 0 0 0 0 0 1 0 0 -1 -1 0 0 1 0
0 0 0 0 0 0 0 0 0 0 0 0 0 0 0 0 0 0 0 0 0 0 0 0 1 0 -1 0 -1 0 1 0
0 0 0 0 0 0 0 0 0 0 0 0 0 0 0 0 0 0 0 0 0 0 0 0 0 1 -1 0 0 -1 1 0

F_VECTOR
1 32 142 144

SIMPLICIAL
1

PURE
1

SYMMETRY_GENERATORS
0 2 1 8 10 9 11 12 3 5 4 6 7 14 13 15 16 17 19 18 21 20 22 28 27 29 30 24 23 25 26 31
0 3 6 1 4 7 2 5 11 13 16 8 14 9 12 15 10 20 23 26 17 21 24 18 22 25 19 27 30 31 28 29

CONES_ORBITS
{}	# New orbit	# Dimension 7
{0}	# New orbit	# Dimension 8
{3}	# New orbit
{6}	# New orbit
{9}	# New orbit
{10}	# New orbit
{13}	# New orbit
{19}	# New orbit
{22}	# New orbit
{25}	# New orbit
{31}	# New orbit
{0 3}	# New orbit	# Dimension 9
{0 6}	# New orbit
{0 9}	# New orbit
{0 10}	# New orbit
{3 4}	# New orbit
{3 9}	# New orbit
{6 9}	# New orbit
{3 10}	# New orbit
{3 13}	# New orbit
{6 12}	# New orbit
{9 13}	# New orbit
{5 19}	# New orbit
{9 19}	# New orbit
{3 25}	# New orbit
{10 13}	# New orbit
{12 13}	# New orbit
{5 24}	# New orbit
{9 25}	# New orbit
{11 19}	# New orbit
{13 19}	# New orbit
{6 30}	# New orbit
{9 30}	# New orbit
{10 22}	# New orbit
{10 25}	# New orbit
{12 22}	# New orbit
{12 31}	# New orbit
{19 29}	# New orbit
{19 30}	# New orbit
{22 25}	# New orbit
{24 31}	# New orbit
{22 31}	# New orbit
{25 31}	# New orbit
{30 31}	# New orbit
{0 3 4}	# New orbit	# Dimension 10
{0 3 9}	# New orbit
{0 6 9}	# New orbit
{0 3 10}	# New orbit
{3 4 13}	# New orbit
{3 9 13}	# New orbit
{5 9 19}	# New orbit
{3 10 13}	# New orbit
{3 4 25}	# New orbit
{3 9 25}	# New orbit
{5 11 19}	# New orbit
{9 13 19}	# New orbit
{3 10 25}	# New orbit
{6 9 30}	# New orbit
{10 12 13}	# New orbit
{11 12 13}	# New orbit
{11 13 19}	# New orbit
{5 19 29}	# New orbit
{9 19 30}	# New orbit
{10 12 22}	# New orbit
{5 24 29}	# New orbit
{9 25 30}	# New orbit
{13 19 29}	# New orbit
{11 19 30}	# New orbit
{10 22 25}	# New orbit
{12 22 31}	# New orbit
{19 29 30}	# New orbit
{22 24 31}	# New orbit
{22 25 31}	# New orbit
{25 30 31}	# New orbit
{29 30 31}	# New orbit

MAXIMAL_CONES_ORBITS
{0 3 4}	# New orbit	# Dimension 10
{0 3 9}	# New orbit
{0 6 9}	# New orbit
{0 3 10}	# New orbit
{3 4 13}	# New orbit
{3 9 13}	# New orbit
{5 9 19}	# New orbit
{3 10 13}	# New orbit
{3 4 25}	# New orbit
{3 9 25}	# New orbit
{5 11 19}	# New orbit
{9 13 19}	# New orbit
{3 10 25}	# New orbit
{6 9 30}	# New orbit
{10 12 13}	# New orbit
{11 12 13}	# New orbit
{11 13 19}	# New orbit
{5 19 29}	# New orbit
{9 19 30}	# New orbit
{10 12 22}	# New orbit
{5 24 29}	# New orbit
{9 25 30}	# New orbit
{13 19 29}	# New orbit
{11 19 30}	# New orbit
{10 22 25}	# New orbit
{12 22 31}	# New orbit
{19 29 30}	# New orbit
{22 24 31}	# New orbit
{22 25 31}	# New orbit
{25 30 31}	# New orbit
{29 30 31}	# New orbit

