_application fan
_version 2.2
_type SymmetricFan

AMBIENT_DIM
30

DIM
10

LINEALITY_DIM
7

RAYS
45 45 75 45 75 75 45 45 75 45 75 75 -240 -240 -240 -164 -164 -134 -164 -134 -134 111 141 141 141 111 141 141 141 -174	# 0
55 55 -105 55 -105 -105 55 55 -105 55 -105 -105 100 100 100 88 88 -72 88 -72 -72 -297 133 133 133 -297 133 133 133 -252	# 1
-167 -167 -357 -167 -357 -357 187 187 -3 187 -3 -3 340 340 340 252 252 62 252 62 62 -585 405 405 405 -231 -421 -421 -421 -78	# 2
187 187 -3 187 -3 -3 -167 -167 -357 -167 -357 -357 340 340 340 252 252 62 252 62 62 -231 -421 -421 -421 -585 405 405 405 -78	# 3
-1015 755 865 755 865 -2675 -1015 755 865 755 865 -2675 -880 890 890 -916 854 964 854 964 -2576 -891 -781 989 989 -891 -781 989 989 -756	# 4
755 -1015 865 755 -2675 865 755 -1015 865 755 -2675 865 890 -880 890 854 -916 964 854 -2576 964 -891 989 -781 989 -891 989 -781 989 -756	# 5
755 755 -2675 -1015 865 865 755 755 -2675 -1015 865 865 890 890 -880 854 854 -2576 -916 964 964 -891 989 989 -781 -891 989 989 -781 -756	# 6
-2995 1430 1990 1430 1990 -1550 -2995 1430 1990 1430 1990 -1550 -4480 -55 -55 -4084 341 901 341 901 -2639 1836 2396 -1144 -1144 1836 2396 -1144 -1144 351	# 7
1430 -2995 1990 1430 -1550 1990 1430 -2995 1990 1430 -1550 1990 -55 -4480 -55 341 -4084 901 341 -2639 901 1836 -1144 2396 -1144 1836 -1144 2396 -1144 351	# 8
1430 1430 -1550 -2995 1990 1990 1430 1430 -1550 -2995 1990 1990 -55 -55 -4480 341 341 -2639 -4084 901 901 1836 -1144 -1144 2396 1836 -1144 -1144 2396 351	# 9
-3359 181 341 181 341 -4084 -1766 1774 1934 1774 1934 -2491 -1280 2260 2260 -1622 1918 2078 1918 2078 -2347 -1296 -1136 2404 2404 297 457 -3968 -3968 783	# 10
-1766 1774 1934 1774 1934 -2491 -3359 181 341 181 341 -4084 -1280 2260 2260 -1622 1918 2078 1918 2078 -2347 297 457 -3968 -3968 -1296 -1136 2404 2404 783	# 11
181 -3359 341 181 -4084 341 1774 -1766 1934 1774 -2491 1934 2260 -1280 2260 1918 -1622 2078 1918 -2347 2078 -1296 2404 -1136 2404 297 -3968 457 -3968 783	# 12
181 181 -4084 -3359 341 341 1774 1774 -2491 -1766 1934 1934 2260 2260 -1280 1918 1918 -2347 -1622 2078 2078 -1296 2404 2404 -1136 297 -3968 -3968 457 783	# 13
1774 -1766 1934 1774 -2491 1934 181 -3359 341 181 -4084 341 2260 -1280 2260 1918 -1622 2078 1918 -2347 2078 297 -3968 457 -3968 -1296 2404 -1136 2404 783	# 14
1774 1774 -2491 -1766 1934 1934 181 181 -4084 -3359 341 341 2260 2260 -1280 1918 1918 -2347 -1622 2078 2078 297 -3968 -3968 457 -1296 2404 2404 -1136 783	# 15
-865 -865 -65 2675 3475 3475 -865 -865 -65 2675 3475 3475 -6400 -6400 -2860 -4924 -4924 -4124 -1384 -584 -584 4671 5471 5471 -6919 4671 5471 5471 -6919 -864	# 16
-865 2675 3475 -865 -65 3475 -865 2675 3475 -865 -65 3475 -6400 -2860 -6400 -4924 -1384 -584 -4924 -4124 -584 4671 5471 -6919 5471 4671 5471 -6919 5471 -864	# 17
2675 -865 3475 -865 3475 -65 2675 -865 3475 -865 3475 -65 -2860 -6400 -6400 -1384 -4924 -584 -4924 -584 -4124 4671 -6919 5471 5471 4671 -6919 5471 5471 -864	# 18
-3673 -3673 -3683 -133 -143 -143 -487 -487 -497 3053 3043 3043 80 80 3620 -496 -496 -506 3044 3034 3034 81 71 71 3611 3267 3257 3257 -25063 3834	# 19
-3673 -133 -143 -3673 -3683 -143 -487 3053 3043 -487 -497 3043 80 3620 80 -496 3044 3034 -496 -506 3034 81 71 3611 71 3267 3257 -25063 3257 3834	# 20
-487 -487 -497 3053 3043 3043 -3673 -3673 -3683 -133 -143 -143 80 80 3620 -496 -496 -506 3044 3034 3034 3267 3257 3257 -25063 81 71 71 3611 3834	# 21
-487 3053 3043 -487 -497 3043 -3673 -133 -143 -3673 -3683 -143 80 3620 80 -496 3044 3034 -496 -506 3034 3267 3257 -25063 3257 81 71 3611 71 3834	# 22
-133 -3673 -143 -3673 -143 -3683 3053 -487 3043 -487 3043 -497 3620 80 80 3044 -496 3034 -496 3034 -506 81 3611 71 71 3267 -25063 3257 3257 3834	# 23
3053 -487 3043 -487 3043 -497 -133 -3673 -143 -3673 -143 -3683 3620 80 80 3044 -496 3034 -496 3034 -506 3267 -25063 3257 3257 81 3611 71 71 3834	# 24

N_RAYS
25

LINEALITY_SPACE
1 0 0 0 0 -1 0 -1 -1 -1 -1 -2 0 -1 -1 0 -1 -1 -1 -1 -2 0 0 -1 -1 -1 -1 -2 -2 -1
0 1 0 0 -1 0 0 1 0 0 -1 0 0 1 0 0 1 0 0 -1 0 1 0 1 0 1 0 1 0 1
0 0 1 0 1 1 0 0 1 0 1 1 0 0 0 0 0 1 0 1 1 -1 0 0 0 -1 0 0 0 -1
0 0 0 1 1 1 0 0 0 1 1 1 0 0 1 0 0 0 1 1 1 0 0 0 1 0 0 0 1 0
0 0 0 0 0 0 1 1 1 1 1 1 0 0 0 0 0 0 0 0 0 -1 -1 -1 -1 0 0 0 0 -1
0 0 0 0 0 0 0 0 0 0 0 0 1 1 1 0 0 0 0 0 0 1 1 1 1 1 1 1 1 2
0 0 0 0 0 0 0 0 0 0 0 0 0 0 0 1 1 1 1 1 1 1 1 1 1 1 1 1 1 1

ORTH_LINEALITY_SPACE
1 0 0 0 0 0 0 0 0 0 0 0 0 0 -1 0 0 0 0 0 0 0 0 0 -1 -1 -1 0 2 1
0 1 0 0 0 0 0 0 0 0 0 0 0 0 -1 0 0 0 0 0 0 0 0 0 -1 -1 0 -1 2 1
0 0 1 0 0 0 0 0 0 0 0 0 0 0 -1 0 0 0 0 0 0 0 0 0 -1 0 -1 -1 2 1
0 0 0 1 0 0 0 0 0 0 0 0 0 0 -1 0 0 0 0 0 0 0 0 0 -1 -1 0 0 1 1
0 0 0 0 1 0 0 0 0 0 0 0 0 0 -1 0 0 0 0 0 0 0 0 0 -1 0 -1 0 1 1
0 0 0 0 0 1 0 0 0 0 0 0 0 0 -1 0 0 0 0 0 0 0 0 0 -1 0 0 -1 1 1
0 0 0 0 0 0 1 0 0 0 0 0 0 0 -1 0 0 0 0 0 0 0 0 0 0 -1 -1 0 1 1
0 0 0 0 0 0 0 1 0 0 0 0 0 0 -1 0 0 0 0 0 0 0 0 0 0 -1 0 -1 1 1
0 0 0 0 0 0 0 0 1 0 0 0 0 0 -1 0 0 0 0 0 0 0 0 0 0 0 -1 -1 1 1
0 0 0 0 0 0 0 0 0 1 0 0 0 0 -1 0 0 0 0 0 0 0 0 0 0 -1 0 0 0 1
0 0 0 0 0 0 0 0 0 0 1 0 0 0 -1 0 0 0 0 0 0 0 0 0 0 0 -1 0 0 1
0 0 0 0 0 0 0 0 0 0 0 1 0 0 -1 0 0 0 0 0 0 0 0 0 0 0 0 -1 0 1
0 0 0 0 0 0 0 0 0 0 0 0 1 0 -1 0 0 0 0 0 0 0 0 0 0 0 -1 0 1 0
0 0 0 0 0 0 0 0 0 0 0 0 0 1 -1 0 0 0 0 0 0 0 0 0 0 0 0 -1 1 0
0 0 0 0 0 0 0 0 0 0 0 0 0 0 0 1 0 0 0 0 0 0 0 0 -1 -1 -1 0 1 1
0 0 0 0 0 0 0 0 0 0 0 0 0 0 0 0 1 0 0 0 0 0 0 0 -1 -1 0 -1 1 1
0 0 0 0 0 0 0 0 0 0 0 0 0 0 0 0 0 1 0 0 0 0 0 0 -1 0 -1 -1 1 1
0 0 0 0 0 0 0 0 0 0 0 0 0 0 0 0 0 0 1 0 0 0 0 0 -1 -1 0 0 0 1
0 0 0 0 0 0 0 0 0 0 0 0 0 0 0 0 0 0 0 1 0 0 0 0 -1 0 -1 0 0 1
0 0 0 0 0 0 0 0 0 0 0 0 0 0 0 0 0 0 0 0 1 0 0 0 -1 0 0 -1 0 1
0 0 0 0 0 0 0 0 0 0 0 0 0 0 0 0 0 0 0 0 0 1 0 0 -1 -1 0 0 1 0
0 0 0 0 0 0 0 0 0 0 0 0 0 0 0 0 0 0 0 0 0 0 1 0 -1 0 -1 0 1 0
0 0 0 0 0 0 0 0 0 0 0 0 0 0 0 0 0 0 0 0 0 0 0 1 -1 0 0 -1 1 0

F_VECTOR
1 25 105 105

SIMPLICIAL
1

PURE
1

SYMMETRY_GENERATORS
0 3 4 1 2 5 6 9 10 7 8 11 12 14 13 15 18 19 16 17 20 21 22 24 23 25 26 28 27 29
1 0 2 3 5 4 7 6 8 9 11 10 13 12 14 16 15 17 18 20 19 21 23 22 24 25 27 26 28 29
6 7 8 9 10 11 0 1 2 3 4 5 12 13 14 15 16 17 18 19 20 25 26 27 28 21 22 23 24 29

CONES_ORBITS
{}	# New orbit	# Dimension 7
{0}	# New orbit	# Dimension 8
{1}	# New orbit
{3}	# New orbit
{6}	# New orbit
{9}	# New orbit
{15}	# New orbit
{18}	# New orbit
{24}	# New orbit
{22 23}	# New orbit	# Dimension 9
{10 24}	# New orbit
{0 1}	# New orbit
{1 3}	# New orbit
{0 6}	# New orbit
{1 6}	# New orbit
{3 6}	# New orbit
{0 9}	# New orbit
{4 18}	# New orbit
{3 15}	# New orbit
{4 24}	# New orbit
{6 9}	# New orbit
{6 15}	# New orbit
{0 18}	# New orbit
{9 15}	# New orbit
{3 24}	# New orbit
{9 18}	# New orbit
{9 24}	# New orbit
{15 24}	# New orbit
{18 24}	# New orbit
{6 13 21}	# New orbit	# Dimension 10
{9 22 23}	# New orbit
{0 1 6}	# New orbit
{1 3 6}	# New orbit
{14 20 24}	# New orbit
{0 4 18}	# New orbit
{3 4 24}	# New orbit
{0 6 9}	# New orbit
{3 6 15}	# New orbit
{6 9 15}	# New orbit
{0 9 18}	# New orbit
{4 18 24}	# New orbit
{3 15 24}	# New orbit
{9 15 24}	# New orbit
{9 18 24}	# New orbit

MAXIMAL_CONES_ORBITS
{6 13 21}	# New orbit	# Dimension 10
{9 22 23}	# New orbit
{0 1 6}	# New orbit
{1 3 6}	# New orbit
{14 20 24}	# New orbit
{0 4 18}	# New orbit
{3 4 24}	# New orbit
{0 6 9}	# New orbit
{3 6 15}	# New orbit
{6 9 15}	# New orbit
{0 9 18}	# New orbit
{4 18 24}	# New orbit
{3 15 24}	# New orbit
{9 15 24}	# New orbit
{9 18 24}	# New orbit

