_application fan
_version 2.2
_type SymmetricFan

AMBIENT_DIM
31

DIM
9

LINEALITY_DIM
7

RAYS
-30 -30 -11 -30 -30 -11 -11 -11 21 21 40 21 40 21 40 -80 40 21 21 40 21 -80 40 21 40 40 -48 -29 -29 -29 -29	# 0
0 0 -1 0 0 -1 -1 -1 1 1 0 1 0 1 0 0 0 1 1 0 1 0 0 1 0 0 -8 1 1 1 1	# 1
15 15 -38 15 15 -38 37 37 18 18 -35 -27 -80 -27 40 40 -5 18 18 -35 -27 40 40 -27 -80 -5 -24 43 43 -2 -2	# 2
15 15 37 15 15 37 -38 -38 -27 -27 -5 18 40 18 -80 40 -35 -27 -27 -5 18 40 -80 18 40 -35 -24 -2 -2 43 43	# 3
-618 -210 -197 -210 198 211 -197 211 -93 315 328 -93 328 315 328 -944 328 -189 219 232 -189 -176 232 219 232 232 336 349 -923 349 -923	# 4
198 -210 211 -210 -618 -197 211 -197 219 -189 232 219 232 -189 232 -176 232 315 -93 328 315 -944 328 -93 328 328 336 -923 349 -923 349	# 5
-99 -147 -410 357 309 46 367 319 -330 -378 -641 -57 -368 399 136 88 409 462 414 151 -945 472 424 -489 -752 -479 504 241 193 514 -710	# 6
-99 357 367 -147 309 319 -410 46 -57 399 409 -330 136 -378 -368 88 -641 -945 -489 -479 462 472 -752 414 424 151 504 514 -710 241 193	# 7
309 -147 319 357 -99 367 46 -410 -489 -945 -479 414 424 462 -752 472 151 399 -57 409 -378 88 -368 -330 136 -641 504 -710 514 193 241	# 8
309 357 46 -147 -99 -410 319 367 414 462 151 -489 -752 -945 424 472 -479 -378 -330 -641 399 88 136 -57 -368 409 504 193 241 -710 514	# 9

N_RAYS
10

LINEALITY_SPACE
1 0 0 0 -1 -1 0 -1 0 -1 -1 0 -1 -1 -1 -2 -1 0 -1 -1 0 0 -1 -1 -1 -1 -1 -1 -2 -1 -2
0 1 0 0 1 0 0 1 0 1 0 1 1 1 0 1 1 0 1 0 1 0 1 1 0 1 1 0 1 1 1
0 0 1 0 0 1 0 0 0 0 1 -1 0 -1 0 0 -1 0 0 1 -1 0 0 -1 0 -1 -1 0 0 -1 -1
0 0 0 1 1 1 0 0 0 0 0 -1 -1 0 0 0 -1 0 0 0 -1 -1 -1 0 0 -1 -1 -1 -1 -2 -1
0 0 0 0 0 0 1 1 0 0 0 1 1 1 1 1 2 0 0 0 1 1 1 1 1 2 1 1 1 2 2
0 0 0 0 0 0 0 0 1 1 1 1 1 1 1 1 1 0 0 0 0 0 0 0 0 0 1 1 1 1 1
0 0 0 0 0 0 0 0 0 0 0 0 0 0 0 0 0 1 1 1 1 1 1 1 1 1 1 1 1 1 1

ORTH_LINEALITY_SPACE
1 0 0 0 0 0 0 0 0 0 0 0 0 0 0 0 -1 0 0 0 0 0 0 0 0 -1 -1 -1 0 1 2
0 1 0 0 0 0 0 0 0 0 0 0 0 0 0 0 -1 0 0 0 0 0 0 0 0 -1 -1 0 -1 1 2
0 0 1 0 0 0 0 0 0 0 0 0 0 0 0 0 -1 0 0 0 0 0 0 0 0 -1 0 -1 -1 1 2
0 0 0 1 0 0 0 0 0 0 0 0 0 0 0 0 -1 0 0 0 0 0 0 0 0 -1 -1 -1 0 2 1
0 0 0 0 1 0 0 0 0 0 0 0 0 0 0 0 -1 0 0 0 0 0 0 0 0 -1 -1 0 -1 2 1
0 0 0 0 0 1 0 0 0 0 0 0 0 0 0 0 -1 0 0 0 0 0 0 0 0 -1 0 -1 -1 2 1
0 0 0 0 0 0 1 0 0 0 0 0 0 0 0 0 -1 0 0 0 0 0 0 0 0 -1 0 -1 0 1 1
0 0 0 0 0 0 0 1 0 0 0 0 0 0 0 0 -1 0 0 0 0 0 0 0 0 -1 0 0 -1 1 1
0 0 0 0 0 0 0 0 1 0 0 0 0 0 0 0 -1 0 0 0 0 0 0 0 0 0 -1 -1 0 1 1
0 0 0 0 0 0 0 0 0 1 0 0 0 0 0 0 -1 0 0 0 0 0 0 0 0 0 -1 0 -1 1 1
0 0 0 0 0 0 0 0 0 0 1 0 0 0 0 0 -1 0 0 0 0 0 0 0 0 0 0 -1 -1 1 1
0 0 0 0 0 0 0 0 0 0 0 1 0 0 0 0 -1 0 0 0 0 0 0 0 0 0 -1 0 0 0 1
0 0 0 0 0 0 0 0 0 0 0 0 1 0 0 0 -1 0 0 0 0 0 0 0 0 0 0 0 -1 0 1
0 0 0 0 0 0 0 0 0 0 0 0 0 1 0 0 -1 0 0 0 0 0 0 0 0 0 -1 0 0 1 0
0 0 0 0 0 0 0 0 0 0 0 0 0 0 1 0 -1 0 0 0 0 0 0 0 0 0 0 -1 0 1 0
0 0 0 0 0 0 0 0 0 0 0 0 0 0 0 1 -1 0 0 0 0 0 0 0 0 0 0 0 -1 1 0
0 0 0 0 0 0 0 0 0 0 0 0 0 0 0 0 0 1 0 0 0 0 0 0 0 -1 -1 -1 0 1 1
0 0 0 0 0 0 0 0 0 0 0 0 0 0 0 0 0 0 1 0 0 0 0 0 0 -1 -1 0 -1 1 1
0 0 0 0 0 0 0 0 0 0 0 0 0 0 0 0 0 0 0 1 0 0 0 0 0 -1 0 -1 -1 1 1
0 0 0 0 0 0 0 0 0 0 0 0 0 0 0 0 0 0 0 0 1 0 0 0 0 -1 -1 0 0 0 1
0 0 0 0 0 0 0 0 0 0 0 0 0 0 0 0 0 0 0 0 0 1 0 0 0 -1 0 -1 0 0 1
0 0 0 0 0 0 0 0 0 0 0 0 0 0 0 0 0 0 0 0 0 0 1 0 0 -1 0 0 -1 0 1
0 0 0 0 0 0 0 0 0 0 0 0 0 0 0 0 0 0 0 0 0 0 0 1 0 -1 -1 0 0 1 0
0 0 0 0 0 0 0 0 0 0 0 0 0 0 0 0 0 0 0 0 0 0 0 0 1 -1 0 -1 0 1 0

F_VECTOR
1 10 15

SIMPLICIAL
1

PURE
1

SYMMETRY_GENERATORS
0 3 6 1 4 7 2 5 11 13 16 8 14 9 12 15 10 20 23 25 17 21 24 18 22 19 26 29 30 27 28
4 1 7 3 0 6 5 2 23 20 25 18 22 17 24 21 19 13 11 16 9 15 12 8 14 10 26 30 29 28 27

CONES_ORBITS
{}	# New orbit	# Dimension 7
{0}	# New orbit	# Dimension 8
{1}	# New orbit
{3}	# New orbit
{5}	# New orbit
{9}	# New orbit
{0 1}	# New orbit	# Dimension 9
{1 3}	# New orbit
{0 5}	# New orbit
{7 9}	# New orbit
{2 9}	# New orbit
{5 9}	# New orbit

MAXIMAL_CONES_ORBITS
{0 1}	# New orbit	# Dimension 9
{1 3}	# New orbit
{0 5}	# New orbit
{7 9}	# New orbit
{2 9}	# New orbit
{5 9}	# New orbit

