_application fan
_version 2.2
_type SymmetricFan

AMBIENT_DIM
31

DIM
11

LINEALITY_DIM
7

RAYS
-1 -1 -1 -1 -1 -1 -1 -1 -1 -1 -1 -1 3 3 3 3 -1 -1 -1 -1 -1 -1 3 3 3 3 3 3 3 3 -18	# 0
-7 -7 -7 -7 -7 -7 3 3 3 3 3 3 6 6 6 6 3 3 3 3 3 3 6 6 6 6 -9 -9 -9 -9 -6	# 1
3 3 3 3 3 3 -7 -7 -7 -7 -7 -7 6 6 6 6 3 3 3 3 3 3 -9 -9 -9 -9 6 6 6 6 -6	# 2
3 3 3 3 3 3 3 3 3 3 3 3 -9 -9 -9 -9 -7 -7 -7 -7 -7 -7 6 6 6 6 6 6 6 6 -6	# 3
-14 -14 -14 11 11 11 -14 -14 -14 11 11 11 17 17 17 -33 -14 -14 -14 11 11 11 17 17 17 -33 17 17 17 -33 -27	# 4
-14 11 11 -14 -14 11 -14 11 11 -14 -14 11 17 17 -33 17 -14 11 11 -14 -14 11 17 17 -33 17 17 17 -33 17 -27	# 5
11 -14 11 -14 11 -14 11 -14 11 -14 11 -14 17 -33 17 17 11 -14 11 -14 11 -14 17 -33 17 17 17 -33 17 17 -27	# 6
11 11 -14 11 -14 -14 11 11 -14 11 -14 -14 -33 17 17 17 11 11 -14 11 -14 -14 -33 17 17 17 -33 17 17 17 -27	# 7
-38 12 12 12 12 -13 -38 12 12 12 12 -13 14 14 -11 -11 -38 12 12 12 12 -13 14 14 -11 -11 14 14 -11 -11 -9	# 8
-13 12 12 12 12 -38 -13 12 12 12 12 -38 -11 -11 14 14 -13 12 12 12 12 -38 -11 -11 14 14 -11 -11 14 14 -9	# 9
12 -38 12 12 -13 12 12 -38 12 12 -13 12 14 -11 14 -11 12 -38 12 12 -13 12 14 -11 14 -11 14 -11 14 -11 -9	# 10
12 -13 12 12 -38 12 12 -13 12 12 -38 12 -11 14 -11 14 12 -13 12 12 -38 12 -11 14 -11 14 -11 14 -11 14 -9	# 11
12 12 -38 -13 12 12 12 12 -38 -13 12 12 -11 14 14 -11 12 12 -38 -13 12 12 -11 14 14 -11 -11 14 14 -11 -9	# 12
12 12 -13 -38 12 12 12 12 -13 -38 12 12 14 -11 -11 14 12 12 -13 -38 12 12 14 -11 -11 14 14 -11 -11 14 -9	# 13
-28 -28 -28 -8 -8 -8 -1 -1 -1 19 19 19 31 31 31 -39 -1 -1 -1 19 19 19 31 31 31 -39 -32 -32 -32 -12 0	# 14
-28 -8 -8 -28 -28 -8 -1 19 19 -1 -1 19 31 31 -39 31 -1 19 19 -1 -1 19 31 31 -39 31 -32 -32 -12 -32 0	# 15
-8 -28 -8 -28 -8 -28 19 -1 19 -1 19 -1 31 -39 31 31 19 -1 19 -1 19 -1 31 -39 31 31 -32 -12 -32 -32 0	# 16
-8 -8 -28 -8 -28 -28 19 19 -1 19 -1 -1 -39 31 31 31 19 19 -1 19 -1 -1 -39 31 31 31 -12 -32 -32 -32 0	# 17
-1 -1 -1 19 19 19 -28 -28 -28 -8 -8 -8 31 31 31 -39 -1 -1 -1 19 19 19 -32 -32 -32 -12 31 31 31 -39 0	# 18
-1 -1 -1 19 19 19 -1 -1 -1 19 19 19 -32 -32 -32 -12 -28 -28 -28 -8 -8 -8 31 31 31 -39 31 31 31 -39 0	# 19
-1 19 19 -1 -1 19 -28 -8 -8 -28 -28 -8 31 31 -39 31 -1 19 19 -1 -1 19 -32 -32 -12 -32 31 31 -39 31 0	# 20
-1 19 19 -1 -1 19 -1 19 19 -1 -1 19 -32 -32 -12 -32 -28 -8 -8 -28 -28 -8 31 31 -39 31 31 31 -39 31 0	# 21
19 -1 19 -1 19 -1 -8 -28 -8 -28 -8 -28 31 -39 31 31 19 -1 19 -1 19 -1 -32 -12 -32 -32 31 -39 31 31 0	# 22
19 -1 19 -1 19 -1 19 -1 19 -1 19 -1 -32 -12 -32 -32 -8 -28 -8 -28 -8 -28 31 -39 31 31 31 -39 31 31 0	# 23
19 19 -1 19 -1 -1 -8 -8 -28 -8 -28 -28 -39 31 31 31 19 19 -1 19 -1 -1 -12 -32 -32 -32 -39 31 31 31 0	# 24
19 19 -1 19 -1 -1 19 19 -1 19 -1 -1 -12 -32 -32 -32 -8 -8 -28 -8 -28 -28 -39 31 31 31 -39 31 31 31 0	# 25
-52 -52 -52 -2 -2 -2 -7 -7 -7 43 43 43 1 1 1 51 -7 -7 -7 43 43 43 1 1 1 51 46 46 46 -354 54	# 26
-52 -2 -2 -52 -52 -2 -7 43 43 -7 -7 43 1 1 51 1 -7 43 43 -7 -7 43 1 1 51 1 46 46 -354 46 54	# 27
-7 -7 -7 43 43 43 -52 -52 -52 -2 -2 -2 1 1 1 51 -7 -7 -7 43 43 43 46 46 46 -354 1 1 1 51 54	# 28
-7 -7 -7 43 43 43 -7 -7 -7 43 43 43 46 46 46 -354 -52 -52 -52 -2 -2 -2 1 1 1 51 1 1 1 51 54	# 29
-7 43 43 -7 -7 43 -52 -2 -2 -52 -52 -2 1 1 51 1 -7 43 43 -7 -7 43 46 46 -354 46 1 1 51 1 54	# 30
-7 43 43 -7 -7 43 -7 43 43 -7 -7 43 46 46 -354 46 -52 -2 -2 -52 -52 -2 1 1 51 1 1 1 51 1 54	# 31
-2 -52 -2 -52 -2 -52 43 -7 43 -7 43 -7 1 51 1 1 43 -7 43 -7 43 -7 1 51 1 1 46 -354 46 46 54	# 32
-2 -2 -52 -2 -52 -52 43 43 -7 43 -7 -7 51 1 1 1 43 43 -7 43 -7 -7 51 1 1 1 -354 46 46 46 54	# 33
43 -7 43 -7 43 -7 -2 -52 -2 -52 -2 -52 1 51 1 1 43 -7 43 -7 43 -7 46 -354 46 46 1 51 1 1 54	# 34
43 -7 43 -7 43 -7 43 -7 43 -7 43 -7 46 -354 46 46 -2 -52 -2 -52 -2 -52 1 51 1 1 1 51 1 1 54	# 35
43 43 -7 43 -7 -7 -2 -2 -52 -2 -52 -52 51 1 1 1 43 43 -7 43 -7 -7 -354 46 46 46 51 1 1 1 54	# 36
43 43 -7 43 -7 -7 43 43 -7 43 -7 -7 -354 46 46 46 -2 -2 -52 -2 -52 -52 51 1 1 1 51 1 1 1 54	# 37
-116 9 9 9 9 -91 -71 54 54 54 54 -46 68 68 -32 -32 -71 54 54 54 54 -46 68 68 -32 -32 -112 -112 13 13 27	# 38
-91 9 9 9 9 -116 -46 54 54 54 54 -71 -32 -32 68 68 -46 54 54 54 54 -71 -32 -32 68 68 13 13 -112 -112 27	# 39
-71 54 54 54 54 -46 -116 9 9 9 9 -91 68 68 -32 -32 -71 54 54 54 54 -46 -112 -112 13 13 68 68 -32 -32 27	# 40
-71 54 54 54 54 -46 -71 54 54 54 54 -46 -112 -112 13 13 -116 9 9 9 9 -91 68 68 -32 -32 68 68 -32 -32 27	# 41
-46 54 54 54 54 -71 -91 9 9 9 9 -116 -32 -32 68 68 -46 54 54 54 54 -71 13 13 -112 -112 -32 -32 68 68 27	# 42
-46 54 54 54 54 -71 -46 54 54 54 54 -71 13 13 -112 -112 -91 9 9 9 9 -116 -32 -32 68 68 -32 -32 68 68 27	# 43
9 -116 9 9 -91 9 54 -71 54 54 -46 54 68 -32 68 -32 54 -71 54 54 -46 54 68 -32 68 -32 -112 13 -112 13 27	# 44
9 -91 9 9 -116 9 54 -46 54 54 -71 54 -32 68 -32 68 54 -46 54 54 -71 54 -32 68 -32 68 13 -112 13 -112 27	# 45
9 9 -116 -91 9 9 54 54 -71 -46 54 54 -32 68 68 -32 54 54 -71 -46 54 54 -32 68 68 -32 13 -112 -112 13 27	# 46
9 9 -91 -116 9 9 54 54 -46 -71 54 54 68 -32 -32 68 54 54 -46 -71 54 54 68 -32 -32 68 -112 13 13 -112 27	# 47
54 -71 54 54 -46 54 9 -116 9 9 -91 9 68 -32 68 -32 54 -71 54 54 -46 54 -112 13 -112 13 68 -32 68 -32 27	# 48
54 -71 54 54 -46 54 54 -71 54 54 -46 54 -112 13 -112 13 9 -116 9 9 -91 9 68 -32 68 -32 68 -32 68 -32 27	# 49
54 -46 54 54 -71 54 9 -91 9 9 -116 9 -32 68 -32 68 54 -46 54 54 -71 54 13 -112 13 -112 -32 68 -32 68 27	# 50
54 -46 54 54 -71 54 54 -46 54 54 -71 54 13 -112 13 -112 9 -91 9 9 -116 9 -32 68 -32 68 -32 68 -32 68 27	# 51
54 54 -71 -46 54 54 9 9 -116 -91 9 9 -32 68 68 -32 54 54 -71 -46 54 54 13 -112 -112 13 -32 68 68 -32 27	# 52
54 54 -71 -46 54 54 54 54 -71 -46 54 54 13 -112 -112 13 9 9 -116 -91 9 9 -32 68 68 -32 -32 68 68 -32 27	# 53
54 54 -46 -71 54 54 9 9 -91 -116 9 9 68 -32 -32 68 54 54 -46 -71 54 54 -112 13 13 -112 68 -32 -32 68 27	# 54
54 54 -46 -71 54 54 54 54 -46 -71 54 54 -112 13 13 -112 9 9 -91 -116 9 9 68 -32 -32 68 68 -32 -32 68 27	# 55

N_RAYS
56

LINEALITY_SPACE
1 0 0 0 0 -1 0 -1 -1 -1 -1 -2 0 0 -1 -1 0 -1 -1 -1 -1 -2 0 0 -1 -1 -1 -1 -2 -2 -1
0 1 0 0 -1 0 0 1 0 0 -1 0 0 -1 0 -1 0 1 0 0 -1 0 0 -1 0 -1 0 -1 0 -1 -1
0 0 1 0 1 1 0 0 1 0 1 1 0 1 1 1 0 0 1 0 1 1 0 1 1 1 0 1 1 1 1
0 0 0 1 1 1 0 0 0 1 1 1 0 0 0 1 0 0 0 1 1 1 0 0 0 1 0 0 0 1 0
0 0 0 0 0 0 1 1 1 1 1 1 0 0 0 0 0 0 0 0 0 0 -1 -1 -1 -1 0 0 0 0 -1
0 0 0 0 0 0 0 0 0 0 0 0 1 1 1 1 0 0 0 0 0 0 1 1 1 1 1 1 1 1 2
0 0 0 0 0 0 0 0 0 0 0 0 0 0 0 0 1 1 1 1 1 1 1 1 1 1 1 1 1 1 1

ORTH_LINEALITY_SPACE
1 0 0 0 0 0 0 0 0 0 0 0 0 0 0 -1 0 0 0 0 0 0 0 0 0 -1 -1 -1 0 2 1
0 1 0 0 0 0 0 0 0 0 0 0 0 0 0 -1 0 0 0 0 0 0 0 0 0 -1 -1 0 -1 2 1
0 0 1 0 0 0 0 0 0 0 0 0 0 0 0 -1 0 0 0 0 0 0 0 0 0 -1 0 -1 -1 2 1
0 0 0 1 0 0 0 0 0 0 0 0 0 0 0 -1 0 0 0 0 0 0 0 0 0 -1 -1 0 0 1 1
0 0 0 0 1 0 0 0 0 0 0 0 0 0 0 -1 0 0 0 0 0 0 0 0 0 -1 0 -1 0 1 1
0 0 0 0 0 1 0 0 0 0 0 0 0 0 0 -1 0 0 0 0 0 0 0 0 0 -1 0 0 -1 1 1
0 0 0 0 0 0 1 0 0 0 0 0 0 0 0 -1 0 0 0 0 0 0 0 0 0 0 -1 -1 0 1 1
0 0 0 0 0 0 0 1 0 0 0 0 0 0 0 -1 0 0 0 0 0 0 0 0 0 0 -1 0 -1 1 1
0 0 0 0 0 0 0 0 1 0 0 0 0 0 0 -1 0 0 0 0 0 0 0 0 0 0 0 -1 -1 1 1
0 0 0 0 0 0 0 0 0 1 0 0 0 0 0 -1 0 0 0 0 0 0 0 0 0 0 -1 0 0 0 1
0 0 0 0 0 0 0 0 0 0 1 0 0 0 0 -1 0 0 0 0 0 0 0 0 0 0 0 -1 0 0 1
0 0 0 0 0 0 0 0 0 0 0 1 0 0 0 -1 0 0 0 0 0 0 0 0 0 0 0 0 -1 0 1
0 0 0 0 0 0 0 0 0 0 0 0 1 0 0 -1 0 0 0 0 0 0 0 0 0 0 -1 0 0 1 0
0 0 0 0 0 0 0 0 0 0 0 0 0 1 0 -1 0 0 0 0 0 0 0 0 0 0 0 -1 0 1 0
0 0 0 0 0 0 0 0 0 0 0 0 0 0 1 -1 0 0 0 0 0 0 0 0 0 0 0 0 -1 1 0
0 0 0 0 0 0 0 0 0 0 0 0 0 0 0 0 1 0 0 0 0 0 0 0 0 -1 -1 -1 0 1 1
0 0 0 0 0 0 0 0 0 0 0 0 0 0 0 0 0 1 0 0 0 0 0 0 0 -1 -1 0 -1 1 1
0 0 0 0 0 0 0 0 0 0 0 0 0 0 0 0 0 0 1 0 0 0 0 0 0 -1 0 -1 -1 1 1
0 0 0 0 0 0 0 0 0 0 0 0 0 0 0 0 0 0 0 1 0 0 0 0 0 -1 -1 0 0 0 1
0 0 0 0 0 0 0 0 0 0 0 0 0 0 0 0 0 0 0 0 1 0 0 0 0 -1 0 -1 0 0 1
0 0 0 0 0 0 0 0 0 0 0 0 0 0 0 0 0 0 0 0 0 1 0 0 0 -1 0 0 -1 0 1
0 0 0 0 0 0 0 0 0 0 0 0 0 0 0 0 0 0 0 0 0 0 1 0 0 -1 -1 0 0 1 0
0 0 0 0 0 0 0 0 0 0 0 0 0 0 0 0 0 0 0 0 0 0 0 1 0 -1 0 -1 0 1 0
0 0 0 0 0 0 0 0 0 0 0 0 0 0 0 0 0 0 0 0 0 0 0 0 1 -1 0 0 -1 1 0

F_VECTOR
1 56 490 1260 945

SIMPLICIAL
1

PURE
1

SYMMETRY_GENERATORS
0 1 2 3 4 5 16 17 18 19 20 21 22 23 24 25 6 7 8 9 10 11 12 13 14 15 26 27 28 29 30
0 2 1 4 3 5 6 8 7 10 9 11 13 12 14 15 16 18 17 20 19 21 23 22 24 25 27 26 28 29 30
0 3 4 1 2 5 6 9 10 7 8 11 12 13 15 14 16 19 20 17 18 21 22 23 25 24 26 27 29 28 30
1 0 2 3 5 4 7 6 8 9 11 10 12 14 13 15 17 16 18 19 21 20 22 24 23 25 26 28 27 29 30
6 7 8 9 10 11 0 1 2 3 4 5 12 13 14 15 16 17 18 19 20 21 26 27 28 29 22 23 24 25 30

CONES_ORBITS
{}	# New orbit	# Dimension 7
{0}	# New orbit	# Dimension 8
{3}	# New orbit
{7}	# New orbit
{13}	# New orbit
{25}	# New orbit
{37}	# New orbit
{55}	# New orbit
{0 3}	# New orbit	# Dimension 9
{0 7}	# New orbit
{0 13}	# New orbit
{3 7}	# New orbit
{3 13}	# New orbit
{3 25}	# New orbit
{7 12}	# New orbit
{12 13}	# New orbit
{7 25}	# New orbit
{12 25}	# New orbit
{3 37}	# New orbit
{7 37}	# New orbit
{12 37}	# New orbit
{3 55}	# New orbit
{23 37}	# New orbit
{24 37}	# New orbit
{13 53}	# New orbit
{13 55}	# New orbit
{25 53}	# New orbit
{35 36}	# New orbit
{36 53}	# New orbit
{37 55}	# New orbit
{53 54}	# New orbit
{0 3 7}	# New orbit	# Dimension 10
{0 3 13}	# New orbit
{0 7 12}	# New orbit
{0 12 13}	# New orbit
{3 7 12}	# New orbit
{3 12 13}	# New orbit
{3 7 25}	# New orbit
{3 12 25}	# New orbit
{31 33 34}	# New orbit
{7 12 25}	# New orbit
{31 34 47}	# New orbit
{12 19 37}	# New orbit
{3 7 37}	# New orbit
{3 12 37}	# New orbit
{3 23 37}	# New orbit
{7 12 37}	# New orbit
{3 13 53}	# New orbit
{3 13 55}	# New orbit
{9 35 36}	# New orbit
{7 24 37}	# New orbit
{12 24 37}	# New orbit
{3 25 53}	# New orbit
{12 13 55}	# New orbit
{12 25 53}	# New orbit
{3 37 55}	# New orbit
{25 35 36}	# New orbit
{12 36 53}	# New orbit
{12 37 55}	# New orbit
{23 37 55}	# New orbit
{25 36 53}	# New orbit
{13 53 54}	# New orbit
{34 37 55}	# New orbit
{37 52 55}	# New orbit
{0 3 7 12}	# New orbit	# Dimension 11
{0 3 12 13}	# New orbit
{3 7 12 25}	# New orbit
{3 12 19 37}	# New orbit
{13 31 34 47}	# New orbit
{3 7 12 37}	# New orbit
{3 12 13 55}	# New orbit
{7 12 24 37}	# New orbit
{3 12 25 53}	# New orbit
{30 32 37 55}	# New orbit
{9 25 35 36}	# New orbit
{3 12 37 55}	# New orbit
{3 23 37 55}	# New orbit
{12 25 36 53}	# New orbit
{12 13 53 54}	# New orbit
{25 35 36 53}	# New orbit
{12 37 52 55}	# New orbit
{35 36 53 54}	# New orbit

MAXIMAL_CONES_ORBITS
{0 3 7 12}	# New orbit	# Dimension 11
{0 3 12 13}	# New orbit
{3 7 12 25}	# New orbit
{3 12 19 37}	# New orbit
{13 31 34 47}	# New orbit
{3 7 12 37}	# New orbit
{3 12 13 55}	# New orbit
{7 12 24 37}	# New orbit
{3 12 25 53}	# New orbit
{30 32 37 55}	# New orbit
{9 25 35 36}	# New orbit
{3 12 37 55}	# New orbit
{3 23 37 55}	# New orbit
{12 25 36 53}	# New orbit
{12 13 53 54}	# New orbit
{25 35 36 53}	# New orbit
{12 37 52 55}	# New orbit
{35 36 53 54}	# New orbit

