_application fan
_version 2.2
_type SymmetricFan

AMBIENT_DIM
24

DIM
9

LINEALITY_DIM
7

RAYS
-6 2 3 2 3 -3 2 3 -3 -3 -6 2 3 2 3 -3 2 3 -3 -3 -6 2 2 2	# 0
2 -6 3 2 -3 3 2 -3 3 -3 2 -6 3 2 -3 3 2 -3 3 -3 2 -6 2 2	# 1
2 2 -3 -6 3 3 2 -3 -3 3 2 2 -3 -6 3 3 2 -3 -3 3 2 2 -6 2	# 2
2 2 -3 2 -3 -3 -6 3 3 3 2 2 -3 2 -3 -3 -6 3 3 3 2 2 2 -6	# 3
-6 -6 -5 6 7 7 6 7 7 -23 -6 -6 -5 6 7 7 6 7 7 -23 -6 -6 6 6	# 4
-6 6 7 -6 -5 7 6 7 -23 7 -6 6 7 -6 -5 7 6 7 -23 7 -6 6 -6 6	# 5
-6 6 7 6 7 -23 -6 -5 7 7 -6 6 7 6 7 -23 -6 -5 7 7 -6 6 6 -6	# 6
6 -6 7 -6 7 -5 6 -23 7 7 6 -6 7 -6 7 -5 6 -23 7 7 6 -6 -6 6	# 7
6 -6 7 6 -23 7 -6 7 -5 7 6 -6 7 6 -23 7 -6 7 -5 7 6 -6 6 -6	# 8
6 6 -23 -6 7 7 -6 7 7 -5 6 6 -23 -6 7 7 -6 7 7 -5 6 6 -6 -6	# 9

N_RAYS
10

LINEALITY_SPACE
1 0 0 0 0 -1 0 0 -1 -1 0 -1 -1 -1 -1 -2 -1 -1 -2 -2 0 -1 -1 -1
0 1 0 0 -1 0 0 -1 0 -1 0 1 0 0 -1 0 0 -1 0 -1 0 1 0 0
0 0 1 0 1 1 0 1 1 1 0 0 1 0 1 1 0 1 1 1 0 0 0 0
0 0 0 1 1 1 0 0 0 1 0 0 0 1 1 1 0 0 0 1 0 0 1 0
0 0 0 0 0 0 1 1 1 1 0 0 0 0 0 0 1 1 1 1 0 0 0 1
0 0 0 0 0 0 0 0 0 0 1 1 1 1 1 1 1 1 1 1 0 0 0 0
0 0 0 0 0 0 0 0 0 0 0 0 0 0 0 0 0 0 0 0 1 1 1 1

ORTH_LINEALITY_SPACE
1 0 0 0 0 0 0 0 0 -1 0 0 0 0 0 0 -1 0 0 1 -1 0 0 1
0 1 0 0 0 0 0 0 0 -1 0 0 0 0 0 0 -1 0 0 1 0 -1 0 1
0 0 1 0 0 0 0 0 0 -1 0 0 0 0 0 0 0 0 0 0 -1 -1 1 1
0 0 0 1 0 0 0 0 0 -1 0 0 0 0 0 0 -1 0 0 1 0 0 -1 1
0 0 0 0 1 0 0 0 0 -1 0 0 0 0 0 0 0 0 0 0 -1 0 0 1
0 0 0 0 0 1 0 0 0 -1 0 0 0 0 0 0 0 0 0 0 0 -1 0 1
0 0 0 0 0 0 1 0 0 -1 0 0 0 0 0 0 -1 0 0 1 0 0 0 0
0 0 0 0 0 0 0 1 0 -1 0 0 0 0 0 0 0 0 0 0 -1 0 1 0
0 0 0 0 0 0 0 0 1 -1 0 0 0 0 0 0 0 0 0 0 0 -1 1 0
0 0 0 0 0 0 0 0 0 0 1 0 0 0 0 0 -1 0 0 0 -1 0 0 1
0 0 0 0 0 0 0 0 0 0 0 1 0 0 0 0 -1 0 0 0 0 -1 0 1
0 0 0 0 0 0 0 0 0 0 0 0 1 0 0 0 0 0 0 -1 -1 -1 1 1
0 0 0 0 0 0 0 0 0 0 0 0 0 1 0 0 -1 0 0 0 0 0 -1 1
0 0 0 0 0 0 0 0 0 0 0 0 0 0 1 0 0 0 0 -1 -1 0 0 1
0 0 0 0 0 0 0 0 0 0 0 0 0 0 0 1 0 0 0 -1 0 -1 0 1
0 0 0 0 0 0 0 0 0 0 0 0 0 0 0 0 0 1 0 -1 -1 0 1 0
0 0 0 0 0 0 0 0 0 0 0 0 0 0 0 0 0 0 1 -1 0 -1 1 0

F_VECTOR
1 10 15

SIMPLICIAL
1

PURE
1

SYMMETRY_GENERATORS
0 1 2 6 7 8 3 4 5 9 10 11 12 16 17 18 13 14 15 19 20 21 23 22
0 3 4 1 2 5 6 7 9 8 10 13 14 11 12 15 16 17 19 18 20 22 21 23
1 0 2 3 5 4 6 8 7 9 11 10 12 13 15 14 16 18 17 19 21 20 22 23
10 11 12 13 14 15 16 17 18 19 0 1 2 3 4 5 6 7 8 9 20 21 22 23

CONES_ORBITS
{}	# New orbit	# Dimension 7
{3}	# New orbit	# Dimension 8
{9}	# New orbit
{6 7}	# New orbit	# Dimension 9
{3 9}	# New orbit

MAXIMAL_CONES_ORBITS
{6 7}	# New orbit	# Dimension 9
{3 9}	# New orbit

