_application fan
_version 2.2
_type SymmetricFan

AMBIENT_DIM
29

DIM
7

LINEALITY_DIM
7

RAYS

N_RAYS
0

LINEALITY_SPACE
1 0 0 0 -1 -1 0 -1 0 -1 -1 0 -1 -1 -1 -1 0 -1 -1 0 0 -1 -2 -1 -1 -1 -2 -1 -2
0 1 0 0 1 0 0 1 0 1 0 1 1 1 0 1 0 1 0 1 0 1 1 1 1 0 1 1 1
0 0 1 0 0 1 0 0 0 0 1 -1 0 -1 0 -1 0 0 1 -1 0 -1 0 -1 -1 0 0 -1 -1
0 0 0 1 1 1 0 0 0 0 0 -1 -1 0 0 -1 0 0 0 -1 -1 0 0 -1 -1 -1 -1 -2 -1
0 0 0 0 0 0 1 1 0 0 0 1 1 1 1 2 0 0 0 1 1 1 1 2 1 1 1 2 2
0 0 0 0 0 0 0 0 1 1 1 1 1 1 1 1 0 0 0 0 0 0 0 0 1 1 1 1 1
0 0 0 0 0 0 0 0 0 0 0 0 0 0 0 0 1 1 1 1 1 1 1 1 1 1 1 1 1

ORTH_LINEALITY_SPACE
1 0 0 0 0 0 0 0 0 0 0 0 0 0 0 -1 0 0 0 0 0 0 0 -1 -1 -1 0 1 2
0 1 0 0 0 0 0 0 0 0 0 0 0 0 0 -1 0 0 0 0 0 0 0 -1 -1 0 -1 1 2
0 0 1 0 0 0 0 0 0 0 0 0 0 0 0 -1 0 0 0 0 0 0 0 -1 0 -1 -1 1 2
0 0 0 1 0 0 0 0 0 0 0 0 0 0 0 -1 0 0 0 0 0 0 0 -1 -1 -1 0 2 1
0 0 0 0 1 0 0 0 0 0 0 0 0 0 0 -1 0 0 0 0 0 0 0 -1 -1 0 -1 2 1
0 0 0 0 0 1 0 0 0 0 0 0 0 0 0 -1 0 0 0 0 0 0 0 -1 0 -1 -1 2 1
0 0 0 0 0 0 1 0 0 0 0 0 0 0 0 -1 0 0 0 0 0 0 0 -1 0 -1 0 1 1
0 0 0 0 0 0 0 1 0 0 0 0 0 0 0 -1 0 0 0 0 0 0 0 -1 0 0 -1 1 1
0 0 0 0 0 0 0 0 1 0 0 0 0 0 0 -1 0 0 0 0 0 0 0 0 -1 -1 0 1 1
0 0 0 0 0 0 0 0 0 1 0 0 0 0 0 -1 0 0 0 0 0 0 0 0 -1 0 -1 1 1
0 0 0 0 0 0 0 0 0 0 1 0 0 0 0 -1 0 0 0 0 0 0 0 0 0 -1 -1 1 1
0 0 0 0 0 0 0 0 0 0 0 1 0 0 0 -1 0 0 0 0 0 0 0 0 -1 0 0 0 1
0 0 0 0 0 0 0 0 0 0 0 0 1 0 0 -1 0 0 0 0 0 0 0 0 0 0 -1 0 1
0 0 0 0 0 0 0 0 0 0 0 0 0 1 0 -1 0 0 0 0 0 0 0 0 -1 0 0 1 0
0 0 0 0 0 0 0 0 0 0 0 0 0 0 1 -1 0 0 0 0 0 0 0 0 0 -1 0 1 0
0 0 0 0 0 0 0 0 0 0 0 0 0 0 0 0 1 0 0 0 0 0 0 -1 -1 -1 0 1 1
0 0 0 0 0 0 0 0 0 0 0 0 0 0 0 0 0 1 0 0 0 0 0 -1 -1 0 -1 1 1
0 0 0 0 0 0 0 0 0 0 0 0 0 0 0 0 0 0 1 0 0 0 0 -1 0 -1 -1 1 1
0 0 0 0 0 0 0 0 0 0 0 0 0 0 0 0 0 0 0 1 0 0 0 -1 -1 0 0 0 1
0 0 0 0 0 0 0 0 0 0 0 0 0 0 0 0 0 0 0 0 1 0 0 -1 0 -1 0 0 1
0 0 0 0 0 0 0 0 0 0 0 0 0 0 0 0 0 0 0 0 0 1 0 -1 -1 0 0 1 0
0 0 0 0 0 0 0 0 0 0 0 0 0 0 0 0 0 0 0 0 0 0 1 -1 0 0 -1 1 0

F_VECTOR
1

SIMPLICIAL
1

PURE
1

CONES
{}	# Dimension 7

MAXIMAL_CONES
{}	# Dimension 7

MULTIPLICITIES
1	# Dimension 7
