_application fan
_version 2.2
_type SymmetricFan

AMBIENT_DIM
30

DIM
10

LINEALITY_DIM
7

RAYS
-3 1 1 1 1 -1 -3 1 1 1 1 -1 1 1 -1 -1 -3 1 1 1 1 -1 1 1 -1 -1 1 1 -1 -1	# 0
-1 1 1 1 1 -3 -1 1 1 1 1 -3 -1 -1 1 1 -1 1 1 1 1 -3 -1 -1 1 1 -1 -1 1 1	# 1
1 -3 1 1 -1 1 1 -3 1 1 -1 1 1 -1 1 -1 1 -3 1 1 -1 1 1 -1 1 -1 1 -1 1 -1	# 2
1 -1 1 1 -3 1 1 -1 1 1 -3 1 -1 1 -1 1 1 -1 1 1 -3 1 -1 1 -1 1 -1 1 -1 1	# 3
1 1 -3 -1 1 1 1 1 -3 -1 1 1 -1 1 1 -1 1 1 -3 -1 1 1 -1 1 1 -1 -1 1 1 -1	# 4
1 1 -1 -3 1 1 1 1 -1 -3 1 1 1 -1 -1 1 1 1 -1 -3 1 1 1 -1 -1 1 1 -1 -1 1	# 5
-1 -1 -1 1 1 1 -1 -1 -1 1 1 1 1 1 1 -3 -1 -1 -1 1 1 1 1 1 1 -3 1 1 1 -3	# 6
-1 1 1 -1 -1 1 -1 1 1 -1 -1 1 1 1 -3 1 -1 1 1 -1 -1 1 1 1 -3 1 1 1 -3 1	# 7
1 -1 1 -1 1 -1 1 -1 1 -1 1 -1 1 -3 1 1 1 -1 1 -1 1 -1 1 -3 1 1 1 -3 1 1	# 8
1 1 -1 1 -1 -1 1 1 -1 1 -1 -1 -3 1 1 1 1 1 -1 1 -1 -1 -3 1 1 1 -3 1 1 1	# 9
-4 -4 -4 -4 -4 -4 2 2 2 2 2 2 3 3 3 3 2 2 2 2 2 2 3 3 3 3 -6 -6 -6 -6	# 10
2 2 2 2 2 2 -4 -4 -4 -4 -4 -4 3 3 3 3 2 2 2 2 2 2 -6 -6 -6 -6 3 3 3 3	# 11
2 2 2 2 2 2 2 2 2 2 2 2 -6 -6 -6 -6 -4 -4 -4 -4 -4 -4 3 3 3 3 3 3 3 3	# 12

N_RAYS
13

LINEALITY_SPACE
1 0 0 0 0 -1 0 -1 -1 -1 -1 -2 0 0 -1 -1 0 -1 -1 -1 -1 -2 0 0 -1 -1 -1 -1 -2 -2
0 1 0 0 -1 0 0 1 0 0 -1 0 0 -1 0 -1 0 1 0 0 -1 0 0 -1 0 -1 0 -1 0 -1
0 0 1 0 1 1 0 0 1 0 1 1 0 1 1 1 0 0 1 0 1 1 0 1 1 1 0 1 1 1
0 0 0 1 1 1 0 0 0 1 1 1 0 0 0 1 0 0 0 1 1 1 0 0 0 1 0 0 0 1
0 0 0 0 0 0 1 1 1 1 1 1 0 0 0 0 0 0 0 0 0 0 -1 -1 -1 -1 0 0 0 0
0 0 0 0 0 0 0 0 0 0 0 0 1 1 1 1 0 0 0 0 0 0 1 1 1 1 1 1 1 1
0 0 0 0 0 0 0 0 0 0 0 0 0 0 0 0 1 1 1 1 1 1 1 1 1 1 1 1 1 1

ORTH_LINEALITY_SPACE
1 0 0 0 0 0 0 0 0 0 0 0 0 0 0 -1 0 0 0 0 0 -1 0 0 0 0 -1 -1 1 2
0 1 0 0 0 0 0 0 0 0 0 0 0 0 0 -1 0 0 0 0 0 -1 0 0 0 0 -1 0 0 2
0 0 1 0 0 0 0 0 0 0 0 0 0 0 0 -1 0 0 0 0 0 -1 0 0 0 0 0 -1 0 2
0 0 0 1 0 0 0 0 0 0 0 0 0 0 0 -1 0 0 0 0 0 -1 0 0 0 0 -1 0 1 1
0 0 0 0 1 0 0 0 0 0 0 0 0 0 0 -1 0 0 0 0 0 -1 0 0 0 0 0 -1 1 1
0 0 0 0 0 1 0 0 0 0 0 0 0 0 0 -1 0 0 0 0 0 -1 0 0 0 0 0 0 0 1
0 0 0 0 0 0 1 0 0 0 0 0 0 0 0 -1 0 0 0 0 0 -1 0 0 0 1 -1 -1 1 1
0 0 0 0 0 0 0 1 0 0 0 0 0 0 0 -1 0 0 0 0 0 -1 0 0 0 1 -1 0 0 1
0 0 0 0 0 0 0 0 1 0 0 0 0 0 0 -1 0 0 0 0 0 -1 0 0 0 1 0 -1 0 1
0 0 0 0 0 0 0 0 0 1 0 0 0 0 0 -1 0 0 0 0 0 -1 0 0 0 1 -1 0 1 0
0 0 0 0 0 0 0 0 0 0 1 0 0 0 0 -1 0 0 0 0 0 -1 0 0 0 1 0 -1 1 0
0 0 0 0 0 0 0 0 0 0 0 1 0 0 0 -1 0 0 0 0 0 -1 0 0 0 1 0 0 0 0
0 0 0 0 0 0 0 0 0 0 0 0 1 0 0 -1 0 0 0 0 0 0 0 0 0 0 -1 0 0 1
0 0 0 0 0 0 0 0 0 0 0 0 0 1 0 -1 0 0 0 0 0 0 0 0 0 0 0 -1 0 1
0 0 0 0 0 0 0 0 0 0 0 0 0 0 1 -1 0 0 0 0 0 0 0 0 0 0 0 0 -1 1
0 0 0 0 0 0 0 0 0 0 0 0 0 0 0 0 1 0 0 0 0 -1 0 0 0 0 -1 -1 1 1
0 0 0 0 0 0 0 0 0 0 0 0 0 0 0 0 0 1 0 0 0 -1 0 0 0 0 -1 0 0 1
0 0 0 0 0 0 0 0 0 0 0 0 0 0 0 0 0 0 1 0 0 -1 0 0 0 0 0 -1 0 1
0 0 0 0 0 0 0 0 0 0 0 0 0 0 0 0 0 0 0 1 0 -1 0 0 0 0 -1 0 1 0
0 0 0 0 0 0 0 0 0 0 0 0 0 0 0 0 0 0 0 0 1 -1 0 0 0 0 0 -1 1 0
0 0 0 0 0 0 0 0 0 0 0 0 0 0 0 0 0 0 0 0 0 0 1 0 0 -1 -1 0 0 1
0 0 0 0 0 0 0 0 0 0 0 0 0 0 0 0 0 0 0 0 0 0 0 1 0 -1 0 -1 0 1
0 0 0 0 0 0 0 0 0 0 0 0 0 0 0 0 0 0 0 0 0 0 0 0 1 -1 0 0 -1 1

F_VECTOR
1 13 45 45

SIMPLICIAL
1

PURE
1

SYMMETRY_GENERATORS
0 1 2 3 4 5 16 17 18 19 20 21 22 23 24 25 6 7 8 9 10 11 12 13 14 15 26 27 28 29
0 2 1 4 3 5 6 8 7 10 9 11 13 12 14 15 16 18 17 20 19 21 23 22 24 25 27 26 28 29
0 3 4 1 2 5 6 9 10 7 8 11 12 13 15 14 16 19 20 17 18 21 22 23 25 24 26 27 29 28
1 0 2 3 5 4 7 6 8 9 11 10 12 14 13 15 17 16 18 19 21 20 22 24 23 25 26 28 27 29
6 7 8 9 10 11 0 1 2 3 4 5 12 13 14 15 16 17 18 19 20 21 26 27 28 29 22 23 24 25

CONES_ORBITS
{}	# New orbit	# Dimension 7
{5}	# New orbit	# Dimension 8
{9}	# New orbit
{12}	# New orbit
{4 5}	# New orbit	# Dimension 9
{4 9}	# New orbit
{5 12}	# New orbit
{9 12}	# New orbit
{4 5 12}	# New orbit	# Dimension 10
{4 9 12}	# New orbit

MAXIMAL_CONES_ORBITS
{4 5 12}	# New orbit	# Dimension 10
{4 9 12}	# New orbit

