_application fan
_version 2.2
_type SymmetricFan

AMBIENT_DIM
25

DIM
10

LINEALITY_DIM
7

RAYS
-2 -2 -2 -2 -2 -2 3 3 3 3 -2 -2 -2 -2 -2 -2 3 3 3 3 6 6 6 6 -24	# 0
-2 -2 -2 3 3 3 -2 -2 -2 3 -2 -2 -2 3 3 3 -2 -2 -2 3 6 6 6 -24 6	# 1
-2 3 3 -2 -2 3 -2 -2 3 -2 -2 3 3 -2 -2 3 -2 -2 3 -2 6 6 -24 6 6	# 2
3 -2 3 -2 3 -2 -2 3 -2 -2 3 -2 3 -2 3 -2 -2 3 -2 -2 6 -24 6 6 6	# 3
3 3 -2 3 -2 -2 3 -2 -2 -2 3 3 -2 3 -2 -2 3 -2 -2 -2 -24 6 6 6 6	# 4
-39 11 11 11 11 -9 11 11 -9 -9 -39 11 11 11 11 -9 11 11 -9 -9 12 12 -8 -8 -8	# 5
-9 -9 -9 11 11 11 11 11 11 -39 -9 -9 -9 11 11 11 11 11 11 -39 -8 -8 -8 12 12	# 6
-9 11 11 -9 -9 11 11 11 -39 11 -9 11 11 -9 -9 11 11 11 -39 11 -8 -8 12 -8 12	# 7
-9 11 11 11 11 -39 -9 -9 11 11 -9 11 11 11 11 -39 -9 -9 11 11 -8 -8 12 12 -8	# 8
11 -39 11 11 -9 11 11 -9 11 -9 11 -39 11 11 -9 11 11 -9 11 -9 12 -8 12 -8 -8	# 9
11 -9 11 -9 11 -9 11 -39 11 11 11 -9 11 -9 11 -9 11 -39 11 11 -8 12 -8 -8 12	# 10
11 -9 11 11 -39 11 -9 11 -9 11 11 -9 11 11 -39 11 -9 11 -9 11 -8 12 -8 12 -8	# 11
11 11 -39 -9 11 11 -9 11 11 -9 11 11 -39 -9 11 11 -9 11 11 -9 -8 12 12 -8 -8	# 12
11 11 -9 -39 11 11 11 -9 -9 11 11 11 -9 -39 11 11 11 -9 -9 11 12 -8 -8 12 -8	# 13
11 11 -9 11 -9 -9 -39 11 11 11 11 11 -9 11 -9 -9 -39 11 11 11 12 -8 -8 -8 12	# 14
-27 13 13 13 13 -17 13 13 -17 -17 -27 13 13 13 13 -17 13 13 -17 -17 -24 -24 16 16 16	# 15
-17 -17 -17 13 13 13 13 13 13 -27 -17 -17 -17 13 13 13 13 13 13 -27 16 16 16 -24 -24	# 16
-17 13 13 -17 -17 13 13 13 -27 13 -17 13 13 -17 -17 13 13 13 -27 13 16 16 -24 16 -24	# 17
-17 13 13 13 13 -27 -17 -17 13 13 -17 13 13 13 13 -27 -17 -17 13 13 16 16 -24 -24 16	# 18
13 -27 13 13 -17 13 13 -17 13 -17 13 -27 13 13 -17 13 13 -17 13 -17 -24 16 -24 16 16	# 19
13 -17 13 -17 13 -17 13 -27 13 13 13 -17 13 -17 13 -17 13 -27 13 13 16 -24 16 16 -24	# 20
13 -17 13 13 -27 13 -17 13 -17 13 13 -17 13 13 -27 13 -17 13 -17 13 16 -24 16 -24 16	# 21
13 13 -27 -17 13 13 -17 13 13 -17 13 13 -27 -17 13 13 -17 13 13 -17 16 -24 -24 16 16	# 22
13 13 -17 -27 13 13 13 -17 -17 13 13 13 -17 -27 13 13 13 -17 -17 13 -24 16 16 -24 16	# 23
13 13 -17 13 -17 -17 -27 13 13 13 13 13 -17 13 -17 -17 -27 13 13 13 -24 16 16 16 -24	# 24

N_RAYS
25

LINEALITY_SPACE
1 0 0 0 0 -1 0 0 -1 -1 0 -1 -1 -1 -1 -2 -1 -1 -2 -2 0 0 -1 -1 -1
0 1 0 0 -1 0 0 -1 0 -1 0 1 0 0 -1 0 0 -1 0 -1 0 -1 0 -1 -1
0 0 1 0 1 1 0 1 1 1 0 0 1 0 1 1 0 1 1 1 0 1 1 1 1
0 0 0 1 1 1 0 0 0 1 0 0 0 1 1 1 0 0 0 1 0 0 0 1 0
0 0 0 0 0 0 1 1 1 1 0 0 0 0 0 0 1 1 1 1 0 0 0 0 1
0 0 0 0 0 0 0 0 0 0 1 1 1 1 1 1 1 1 1 1 0 0 0 0 0
0 0 0 0 0 0 0 0 0 0 0 0 0 0 0 0 0 0 0 0 1 1 1 1 1

ORTH_LINEALITY_SPACE
1 0 0 0 0 0 0 0 0 -1 0 0 0 0 0 0 0 0 0 0 -1 -1 0 1 1
0 1 0 0 0 0 0 0 0 -1 0 0 0 0 0 0 0 0 0 0 -1 0 -1 1 1
0 0 1 0 0 0 0 0 0 -1 0 0 0 0 0 0 0 0 0 0 0 -1 -1 1 1
0 0 0 1 0 0 0 0 0 -1 0 0 0 0 0 0 0 0 0 0 -1 0 0 0 1
0 0 0 0 1 0 0 0 0 -1 0 0 0 0 0 0 0 0 0 0 0 -1 0 0 1
0 0 0 0 0 1 0 0 0 -1 0 0 0 0 0 0 0 0 0 0 0 0 -1 0 1
0 0 0 0 0 0 1 0 0 -1 0 0 0 0 0 0 0 0 0 0 -1 0 0 1 0
0 0 0 0 0 0 0 1 0 -1 0 0 0 0 0 0 0 0 0 0 0 -1 0 1 0
0 0 0 0 0 0 0 0 1 -1 0 0 0 0 0 0 0 0 0 0 0 0 -1 1 0
0 0 0 0 0 0 0 0 0 0 1 0 0 0 0 0 0 0 0 -1 -1 -1 0 1 1
0 0 0 0 0 0 0 0 0 0 0 1 0 0 0 0 0 0 0 -1 -1 0 -1 1 1
0 0 0 0 0 0 0 0 0 0 0 0 1 0 0 0 0 0 0 -1 0 -1 -1 1 1
0 0 0 0 0 0 0 0 0 0 0 0 0 1 0 0 0 0 0 -1 -1 0 0 0 1
0 0 0 0 0 0 0 0 0 0 0 0 0 0 1 0 0 0 0 -1 0 -1 0 0 1
0 0 0 0 0 0 0 0 0 0 0 0 0 0 0 1 0 0 0 -1 0 0 -1 0 1
0 0 0 0 0 0 0 0 0 0 0 0 0 0 0 0 1 0 0 -1 -1 0 0 1 0
0 0 0 0 0 0 0 0 0 0 0 0 0 0 0 0 0 1 0 -1 0 -1 0 1 0
0 0 0 0 0 0 0 0 0 0 0 0 0 0 0 0 0 0 1 -1 0 0 -1 1 0

F_VECTOR
1 25 105 105

SIMPLICIAL
1

PURE
1

SYMMETRY_GENERATORS
0 1 2 6 7 8 3 4 5 9 10 11 12 16 17 18 13 14 15 19 20 21 22 24 23
0 2 1 4 3 5 7 6 8 9 10 12 11 14 13 15 17 16 18 19 21 20 22 23 24
0 3 4 1 2 5 6 7 9 8 10 13 14 11 12 15 16 17 19 18 20 21 23 22 24
1 0 2 3 5 4 6 8 7 9 11 10 12 13 15 14 16 18 17 19 20 22 21 23 24
10 11 12 13 14 15 16 17 18 19 0 1 2 3 4 5 6 7 8 9 20 21 22 23 24

CONES_ORBITS
{}	# New orbit	# Dimension 7
{4}	# New orbit	# Dimension 8
{14}	# New orbit
{24}	# New orbit
{4 12}	# New orbit	# Dimension 9
{4 24}	# New orbit
{12 14}	# New orbit
{14 22}	# New orbit
{14 24}	# New orbit
{1 12 14}	# New orbit	# Dimension 10
{4 12 24}	# New orbit
{12 14 24}	# New orbit

MAXIMAL_CONES_ORBITS
{1 12 14}	# New orbit	# Dimension 10
{4 12 24}	# New orbit
{12 14 24}	# New orbit

