_application fan
_version 2.2
_type SymmetricFan

AMBIENT_DIM
28

DIM
8

LINEALITY_DIM
7

RAYS
-26 2 2 7 7 -36 -15 13 13 18 18 -25 -13 15 20 -15 13 13 18 18 -25 -13 15 20 -2 -2 -40 0	# 0
13 -15 13 18 -25 18 2 -26 2 7 -36 7 15 -13 20 13 -15 13 18 -25 18 -2 -2 -40 -13 15 20 0	# 1
13 13 -15 -25 18 18 13 13 -15 -25 18 18 -2 -2 -40 2 2 -26 -36 7 7 15 -13 20 15 -13 20 0	# 2

N_RAYS
3

LINEALITY_SPACE
1 0 0 0 0 -1 0 -1 -1 -1 -1 -2 0 -1 -1 0 -1 -1 -1 -1 -2 0 -1 -1 -1 -1 -2 -1
0 1 0 0 -1 0 0 1 0 0 -1 0 0 1 0 0 1 0 0 -1 0 1 1 0 1 0 0 1
0 0 1 0 1 1 0 0 1 0 1 1 0 0 0 0 0 1 0 1 1 -1 0 0 -1 0 0 -1
0 0 0 1 1 1 0 0 0 1 1 1 0 0 1 0 0 0 1 1 1 0 0 1 0 0 1 0
0 0 0 0 0 0 1 1 1 1 1 1 0 0 0 0 0 0 0 0 0 -1 -1 -1 0 0 0 -1
0 0 0 0 0 0 0 0 0 0 0 0 1 1 1 0 0 0 0 0 0 1 1 1 1 1 1 2
0 0 0 0 0 0 0 0 0 0 0 0 0 0 0 1 1 1 1 1 1 1 1 1 1 1 1 1

ORTH_LINEALITY_SPACE
1 0 0 0 0 0 0 0 0 0 0 0 0 0 -1 0 0 0 0 0 0 0 0 -1 -1 -1 2 1
0 1 0 0 0 0 0 0 0 0 0 0 0 0 -1 0 0 0 0 0 0 0 -1 0 -1 0 1 1
0 0 1 0 0 0 0 0 0 0 0 0 0 0 -1 0 0 0 0 0 0 0 -1 0 0 -1 1 1
0 0 0 1 0 0 0 0 0 0 0 0 0 0 -1 0 0 0 0 0 0 0 0 -1 -1 0 1 1
0 0 0 0 1 0 0 0 0 0 0 0 0 0 -1 0 0 0 0 0 0 0 0 -1 0 -1 1 1
0 0 0 0 0 1 0 0 0 0 0 0 0 0 -1 0 0 0 0 0 0 0 -1 0 0 0 0 1
0 0 0 0 0 0 1 0 0 0 0 0 0 0 -1 0 0 0 0 0 0 0 0 0 -1 -1 1 1
0 0 0 0 0 0 0 1 0 0 0 0 0 0 -1 0 0 0 0 0 0 0 -1 1 -1 0 0 1
0 0 0 0 0 0 0 0 1 0 0 0 0 0 -1 0 0 0 0 0 0 0 -1 1 0 -1 0 1
0 0 0 0 0 0 0 0 0 1 0 0 0 0 -1 0 0 0 0 0 0 0 0 0 -1 0 0 1
0 0 0 0 0 0 0 0 0 0 1 0 0 0 -1 0 0 0 0 0 0 0 0 0 0 -1 0 1
0 0 0 0 0 0 0 0 0 0 0 1 0 0 -1 0 0 0 0 0 0 0 -1 1 0 0 -1 1
0 0 0 0 0 0 0 0 0 0 0 0 1 0 -1 0 0 0 0 0 0 0 0 0 0 -1 1 0
0 0 0 0 0 0 0 0 0 0 0 0 0 1 -1 0 0 0 0 0 0 0 -1 1 0 0 0 0
0 0 0 0 0 0 0 0 0 0 0 0 0 0 0 1 0 0 0 0 0 0 0 -1 -1 -1 1 1
0 0 0 0 0 0 0 0 0 0 0 0 0 0 0 0 1 0 0 0 0 0 -1 0 -1 0 0 1
0 0 0 0 0 0 0 0 0 0 0 0 0 0 0 0 0 1 0 0 0 0 -1 0 0 -1 0 1
0 0 0 0 0 0 0 0 0 0 0 0 0 0 0 0 0 0 1 0 0 0 0 -1 -1 0 0 1
0 0 0 0 0 0 0 0 0 0 0 0 0 0 0 0 0 0 0 1 0 0 0 -1 0 -1 0 1
0 0 0 0 0 0 0 0 0 0 0 0 0 0 0 0 0 0 0 0 1 0 -1 0 0 0 -1 1
0 0 0 0 0 0 0 0 0 0 0 0 0 0 0 0 0 0 0 0 0 1 0 -1 -1 0 1 0

F_VECTOR
1 3

SIMPLICIAL
1

PURE
1

SYMMETRY_GENERATORS
0 2 1 4 3 5 15 17 16 19 18 20 21 22 23 6 8 7 10 9 11 12 13 14 25 24 26 27
7 6 8 9 11 10 1 0 2 3 5 4 13 12 14 16 15 17 18 20 19 24 25 26 21 22 23 27

CONES_ORBITS
{}	# New orbit	# Dimension 7
{2}	# New orbit	# Dimension 8

MAXIMAL_CONES_ORBITS
{2}	# New orbit	# Dimension 8

